north: 11
south: 10
east: -84
west: -85
rows: 100
cols: 100
3.725083 3.715031 3.70441 3.693192 3.681351 3.668858 3.655682 3.641794 3.627164 3.611761 3.595554 3.578511 3.560601 3.541792 3.522053 3.501353 3.47966 3.456945 3.433176 3.408326 3.382367 3.355271 3.327013 3.297568 3.266915 3.235032 3.201901 3.167506 3.131833 3.094872 3.056614 3.017056 2.976195 2.934037 2.890589 2.845863 2.799878 2.752658 2.704232 2.654638 2.60392 2.55213 2.499329 2.445587 2.390983 2.335607 2.279559 2.222952 2.165907 2.108561 2.051059 1.993562 1.936239 1.879273 1.822858 1.767199 1.712507 1.659006 1.606924 1.556495 1.507956 1.461546 1.417503 1.376061 1.337448 1.301885 1.26958 1.240727 1.215503 1.194067 1.176556 1.163084 1.153737 1.148577 1.147637 1.15092 1.158402 1.170029 1.185719 1.205362 1.228823 1.255945 1.286545 1.320425 1.357367 1.397143 1.43951 1.484222 1.531024 1.579664 1.629886 1.681441 1.734087 1.787589 1.84172 1.89627 1.951038 2.005837 2.060499 2.114866 
3.741849 3.732097 3.72177 3.71084 3.699278 3.687054 3.674136 3.660493 3.646093 3.630904 3.614892 3.598025 3.580268 3.561588 3.541952 3.521327 3.499679 3.476976 3.453186 3.428279 3.402223 3.374991 3.346555 3.316889 3.285969 3.253773 3.22028 3.185474 3.149339 3.111864 3.073039 3.032861 2.991328 2.948442 2.904214 2.858654 2.811782 2.763623 2.714208 2.663575 2.61177 2.558848 2.504873 2.449916 2.39406 2.3374 2.280039 2.222093 2.16369 2.104971 2.046088 1.987205 1.9285 1.870162 1.812391 1.755397 1.699402 1.644633 1.591328 1.539727 1.490075 1.442616 1.397596 1.355255 1.315826 1.279536 1.246597 1.217207 1.191549 1.169782 1.152046 1.138455 1.129098 1.124034 1.123296 1.126884 1.134772 1.146902 1.163186 1.183512 1.207738 1.235699 1.267208 1.302058 1.340025 1.380873 1.424353 1.470208 1.51818 1.568005 1.619425 1.672182 1.726027 1.780718 1.836027 1.891735 1.947637 2.003546 2.059284 2.114696 
3.759155 3.74973 3.739725 3.729111 3.717857 3.705931 3.693301 3.679934 3.665796 3.650851 3.635067 3.618407 3.600835 3.582317 3.562817 3.542298 3.520727 3.498068 3.474288 3.449354 3.423233 3.395895 3.36731 3.337451 3.306292 3.273809 3.239981 3.204789 3.168217 3.130252 3.090885 3.050111 3.007928 2.964339 2.919353 2.872983 2.825248 2.776174 2.725794 2.674148 2.621284 2.567259 2.512138 2.455999 2.398926 2.341017 2.282381 2.223138 2.163421 2.103376 2.04316 1.982944 1.922912 1.863259 1.804191 1.745926 1.688692 1.632724 1.578264 1.525561 1.474866 1.42643 1.380503 1.337332 1.297156 1.260205 1.226695 1.19683 1.170793 1.148747 1.130833 1.117165 1.107832 1.102893 1.102378 1.106286 1.114588 1.12722 1.144092 1.165085 1.190053 1.218825 1.251206 1.286984 1.325928 1.367795 1.412328 1.459264 1.508338 1.55928 1.611823 1.665706 1.720673 1.776477 1.832884 1.889671 1.946631 2.003569 2.060309 2.116689 
3.777004 3.767933 3.758279 3.74801 3.737094 3.725498 3.713188 3.700128 3.686284 3.671618 3.656094 3.639675 3.622323 3.604 3.584669 3.564291 3.54283 3.520249 3.496512 3.471583 3.445429 3.418016 3.389314 3.359292 3.327924 3.295183 3.261048 3.225498 3.188516 3.150089 3.110206 3.068862 3.026055 2.981789 2.936072 2.888917 2.840346 2.790386 2.73907 2.686441 2.632549 2.577453 2.521223 2.463937 2.405686 2.34657 2.286703 2.22621 2.165229 2.10391 2.042418 1.980929 1.919631 1.858728 1.798431 1.738966 1.680565 1.623471 1.567933 1.514206 1.462545 1.413209 1.366453 1.322528 1.281678 1.244138 1.210127 1.17985 1.153494 1.131224 1.11318 1.099478 1.090204 1.085419 1.085148 1.089389 1.098108 1.111239 1.128688 1.150329 1.176011 1.205558 1.23877 1.275427 1.315293 1.358116 1.403636 1.451583 1.501683 1.553663 1.607249 1.662174 1.718178 1.775008 1.832427 1.890208 1.948138 2.006022 2.063679 2.120946 
3.795395 3.786708 3.777435 3.767541 3.756995 3.745761 3.733803 3.721084 3.707568 3.693215 3.677987 3.661844 3.644747 3.626655 3.607529 3.587328 3.566014 3.543545 3.519886 3.494998 3.468844 3.44139 3.412603 3.382451 3.350905 3.317939 3.283527 3.247649 3.210287 3.171426 3.131056 3.089171 3.045769 3.000854 2.954434 2.906526 2.857149 2.806333 2.754113 2.700535 2.64565 2.589522 2.532221 2.473831 2.414445 2.35417 2.293122 2.231432 2.169243 2.10671 2.044004 1.981306 1.918813 1.856731 1.795281 1.734692 1.675204 1.617067 1.560534 1.505865 1.453323 1.403171 1.355669 1.311072 1.269628 1.231574 1.197133 1.166513 1.139901 1.117463 1.099339 1.085645 1.076468 1.071863 1.071855 1.07644 1.085578 1.099202 1.117211 1.139475 1.16584 1.196121 1.230115 1.267595 1.308319 1.352032 1.398464 1.447341 1.498386 1.551316 1.605856 1.661733 1.71868 1.776444 1.834781 1.893461 1.95227 2.011008 2.069493 2.127559 
3.81433 3.806056 3.797194 3.787708 3.777564 3.766725 3.755153 3.742811 3.729658 3.715654 3.700759 3.684929 3.668124 3.650301 3.631417 3.611431 3.590299 3.567981 3.544436 3.519625 3.493508 3.466048 3.437212 3.406964 3.375274 3.342115 3.307459 3.271286 3.233575 3.194313 3.153487 3.111092 3.067126 3.021593 2.974504 2.925873 2.875724 2.824087 2.771 2.71651 2.660672 2.603552 2.545225 2.485777 2.425307 2.363925 2.301751 2.238923 2.175587 2.111907 2.048056 1.984223 1.920609 1.857428 1.794905 1.733277 1.672789 1.613695 1.556256 1.500737 1.447404 1.396525 1.348365 1.303182 1.261227 1.222739 1.187945 1.157052 1.130248 1.1077 1.089548 1.075906 1.066858 1.06246 1.062733 1.067669 1.077226 1.09133 1.109879 1.132738 1.159746 1.190715 1.225435 1.263676 1.30519 1.349716 1.396979 1.446702 1.498599 1.552388 1.607785 1.664514 1.722306 1.780903 1.840057 1.899537 1.959125 2.01862 2.077837 2.136609 
3.833807 3.825977 3.817556 3.808511 3.798802 3.788393 3.777244 3.765314 3.752562 3.738945 3.724419 3.708942 3.692468 3.674953 3.656351 3.636617 3.615708 3.59358 3.570188 3.545492 3.519449 3.492022 3.463172 3.432865 3.401068 3.36775 3.332886 3.296451 3.258426 3.218795 3.177547 3.134676 3.09018 3.044065 2.99634 2.947023 2.896138 2.843719 2.789804 2.734444 2.677696 2.619631 2.560325 2.499872 2.438371 2.375939 2.312701 2.248799 2.184386 2.119628 2.054708 1.989818 1.925165 1.86097 1.797463 1.734886 1.67349 1.613535 1.555285 1.49901 1.444982 1.393471 1.344745 1.299066 1.256687 1.217849 1.182778 1.151684 1.124754 1.102155 1.084025 1.070477 1.061593 1.057426 1.057994 1.063286 1.073256 1.087827 1.10689 1.130309 1.157916 1.189521 1.224907 1.26384 1.306068 1.351324 1.399331 1.449805 1.50246 1.557005 1.613156 1.670633 1.729164 1.788487 1.848353 1.908527 1.96879 2.028939 2.088788 2.148167 
3.85382 3.846466 3.838521 3.829949 3.820711 3.810768 3.800077 3.788597 3.776284 3.763093 3.748978 3.733893 3.71779 3.700623 3.682344 3.662905 3.64226 3.620361 3.597164 3.572623 3.546695 3.519339 3.490515 3.460187 3.428319 3.394882 3.359845 3.323185 3.284882 3.244919 3.203285 3.159973 3.114984 3.068322 3.019999 2.970035 2.918455 2.865294 2.810595 2.754409 2.6968 2.637839 2.577609 2.516205 2.453733 2.390313 2.326078 2.261172 2.195754 2.129997 2.064088 1.998226 1.932623 1.867504 1.803107 1.739677 1.677471 1.616753 1.557793 1.500863 1.446239 1.394194 1.344999 1.298918 1.256204 1.2171 1.181832 1.15061 1.123621 1.101028 1.082971 1.069558 1.060869 1.056954 1.057829 1.063478 1.073852 1.088869 1.108418 1.132357 1.160515 1.192696 1.228681 1.268232 1.311091 1.356989 1.405646 1.456773 1.510081 1.565277 1.622074 1.680188 1.739346 1.799283 1.859749 1.920507 1.981337 2.042033 2.102408 2.162294 
3.874367 3.86752 3.860084 3.852021 3.843289 3.833848 3.823655 3.812664 3.800829 3.788104 3.774441 3.759789 3.744101 3.727324 3.709411 3.690309 3.66997 3.648344 3.625383 3.601039 3.575267 3.548024 3.519267 3.488958 3.45706 3.423541 3.388371 3.351525 3.312982 3.272725 3.230742 3.187029 3.141585 3.094416 3.045536 2.994966 2.942733 2.888875 2.833438 2.776476 2.718056 2.658254 2.597156 2.534862 2.471483 2.407144 2.341982 2.276147 2.209804 2.143131 2.076319 2.009575 1.943114 1.877169 1.81198 1.747798 1.684886 1.623509 1.563943 1.506462 1.451345 1.398868 1.349303 1.302914 1.259957 1.220673 1.185288 1.154012 1.127028 1.1045 1.086563 1.073323 1.064859 1.061215 1.062405 1.068407 1.079171 1.094611 1.114611 1.139024 1.167678 1.200372 1.236884 1.276971 1.320374 1.366821 1.416027 1.467703 1.521555 1.57729 1.634618 1.693255 1.752924 1.81336 1.87431 1.935539 1.996822 2.057955 2.11875 2.179038 
3.895439 3.889133 3.88224 3.874721 3.866533 3.857633 3.847975 3.837513 3.826198 3.813981 3.800811 3.786637 3.771405 3.755064 3.73756 3.71884 3.698852 3.677542 3.654861 3.630759 3.605187 3.578099 3.549451 3.519203 3.487317 3.453758 3.418495 3.381503 3.34276 3.302249 3.259959 3.215884 3.170026 3.122393 3.072999 3.021866 2.969027 2.91452 2.858394 2.800709 2.741534 2.680948 2.619044 2.555925 2.491707 2.426521 2.360507 2.293823 2.226639 2.159137 2.091515 2.023982 1.956763 1.890092 1.824214 1.759387 1.695874 1.633947 1.573882 1.515958 1.460455 1.407649 1.357814 1.311215 1.268106 1.228728 1.193307 1.162047 1.135134 1.112725 1.094954 1.081924 1.073709 1.070351 1.071859 1.078208 1.089344 1.105177 1.125587 1.150425 1.179515 1.212652 1.249613 1.290151 1.334005 1.380901 1.430552 1.482667 1.536951 1.59311 1.650851 1.709891 1.769951 1.830766 1.892083 1.953664 2.015286 2.076744 2.13785 2.198432 
3.917027 3.911295 3.904981 3.898042 3.890435 3.882115 3.873033 3.863141 3.852388 3.840722 3.82809 3.814437 3.799708 3.783848 3.766799 3.748507 3.728914 3.707968 3.685613 3.661797 3.636469 3.609581 3.581087 3.550944 3.519112 3.485556 3.450243 3.413148 3.374247 3.333524 3.290968 3.246575 3.200347 3.152293 3.10243 3.050782 2.997385 2.94228 2.885519 2.827166 2.767293 2.705986 2.64334 2.579465 2.514481 2.448524 2.38174 2.314291 2.246353 2.178115 2.109778 2.041557 1.973681 1.906389 1.839931 1.774567 1.710564 1.648198 1.587745 1.529487 1.473705 1.420676 1.370672 1.32396 1.28079 1.241404 1.206024 1.174852 1.14807 1.125834 1.108271 1.095483 1.087539 1.084477 1.086302 1.092986 1.10447 1.120662 1.141438 1.166645 1.196105 1.229612 1.266938 1.307837 1.352045 1.399286 1.449273 1.501714 1.556313 1.612776 1.670811 1.730131 1.790461 1.851533 1.913096 1.974911 2.036756 2.098424 2.159729 2.220499 
3.93912 3.933997 3.928297 3.921976 3.914988 3.907287 3.898822 3.889543 3.879395 3.868325 3.856275 3.843189 3.829009 3.813676 3.797129 3.779312 3.760164 3.739627 3.717645 3.694163 3.669126 3.642484 3.61419 3.584197 3.552464 3.518955 3.483637 3.446481 3.407466 3.366575 3.323799 3.279132 3.232579 3.184151 3.133867 3.081754 3.027849 2.972199 2.914859 2.855896 2.795389 2.733425 2.670107 2.605547 2.539874 2.473225 2.405756 2.337631 2.269032 2.200153 2.131201 2.062395 1.993969 1.926165 1.859237 1.793448 1.729069 1.666376 1.605648 1.547167 1.491214 1.438067 1.387997 1.341267 1.298128 1.258816 1.223553 1.192537 1.165945 1.143929 1.126614 1.114096 1.10644 1.103679 1.105815 1.112817 1.124621 1.141131 1.162222 1.187739 1.217499 1.251296 1.2889 1.330065 1.374525 1.422004 1.472214 1.524865 1.579661 1.636306 1.69451 1.753988 1.814464 1.875671 1.937359 1.999288 2.061238 2.123003 2.184396 2.245246 
3.961703 3.957224 3.952174 3.946508 3.94018 3.933138 3.925333 3.916708 3.90721 3.89678 3.885359 3.872888 3.859304 3.844545 3.82855 3.811256 3.7926 3.772522 3.750962 3.727861 3.703164 3.676816 3.648767 3.618971 3.587384 3.553968 3.51869 3.48152 3.442437 3.401424 3.358472 3.313578 3.266747 3.217994 3.167338 3.114812 3.060454 3.004315 2.946454 2.886944 2.825866 2.763314 2.699394 2.634227 2.567943 2.500688 2.43262 2.363912 2.294748 2.225328 2.155864 2.08658 2.017712 1.949508 1.882223 1.816125 1.751484 1.688578 1.627688 1.569096 1.513081 1.459921 1.409884 1.363231 1.32021 1.281055 1.245982 1.215185 1.188838 1.167087 1.150053 1.137827 1.13047 1.128011 1.130447 1.137743 1.149832 1.166617 1.187968 1.213728 1.243714 1.277717 1.315509 1.35684 1.401448 1.449054 1.499374 1.552116 1.606987 1.663692 1.721942 1.781453 1.84195 1.90317 1.964861 2.026786 2.088726 2.150474 2.211845 2.272668 
3.984761 3.98096 3.976597 3.971625 3.965995 3.959654 3.95255 3.944625 3.935821 3.926077 3.915332 3.903522 3.890583 3.876449 3.861054 3.844333 3.82622 3.80665 3.785561 3.762892 3.738582 3.712577 3.684824 3.655272 3.623879 3.590603 3.555411 3.518274 3.479169 3.438081 3.395001 3.349928 3.30287 3.25384 3.202866 3.149979 3.095223 3.038654 2.980334 2.920339 2.858758 2.795689 2.731245 2.665548 2.598737 2.530962 2.462387 2.39319 2.323561 2.253703 2.183834 2.11418 2.044983 1.976491 1.908966 1.842673 1.777886 1.714883 1.653945 1.595352 1.539383 1.486312 1.436407 1.389923 1.347106 1.308184 1.273369 1.242851 1.216798 1.195352 1.178627 1.166711 1.159659 1.157495 1.160214 1.167776 1.180112 1.19712 1.21867 1.244604 1.274736 1.308859 1.346743 1.388139 1.432786 1.480408 1.530721 1.583436 1.638259 1.694901 1.753073 1.812494 1.87289 1.934 1.995575 2.057379 2.119193 2.180814 2.242055 2.302747 
4.008274 4.005187 4.001547 3.997307 3.992415 3.986817 3.980457 3.973275 3.965211 3.9562 3.946179 3.935079 3.922834 3.909374 3.894629 3.878532 3.861012 3.842001 3.821435 3.799247 3.775376 3.749763 3.722354 3.693096 3.661945 3.628858 3.593801 3.556744 3.517666 3.476551 3.433392 3.38819 3.340953 3.291701 3.24046 3.187268 3.132173 3.075233 3.016517 2.956105 2.894091 2.830579 2.765686 2.699542 2.632289 2.564085 2.495097 2.425509 2.355516 2.285326 2.215159 2.145247 2.075834 2.007171 1.93952 1.873149 1.808333 1.745348 1.684474 1.62599 1.570173 1.517293 1.467614 1.421388 1.378856 1.34024 1.305748 1.275563 1.249848 1.22874 1.212347 1.200751 1.194003 1.192124 1.195102 1.202896 1.215433 1.23261 1.254294 1.280326 1.310521 1.344672 1.38255 1.423908 1.468486 1.51601 1.566199 1.618765 1.673421 1.729877 1.787848 1.847056 1.907231 1.968113 2.029454 2.091022 2.1526 2.213985 2.274992 2.335453 
4.032218 4.02988 4.027001 4.023532 4.019418 4.014604 4.009031 4.002637 3.995359 3.987128 3.977879 3.967539 3.956037 3.943301 3.929258 3.913836 3.89696 3.878561 3.858567 3.836912 3.813531 3.788361 3.761346 3.732432 3.701572 3.668723 3.63385 3.596923 3.55792 3.516828 3.473639 3.428358 3.380996 3.331573 3.280121 3.226682 3.171306 3.114058 3.055011 2.99425 2.931875 2.867996 2.802734 2.736226 2.66862 2.600078 2.530774 2.460895 2.390642 2.320227 2.249873 2.179816 2.110301 2.041584 1.973924 1.907592 1.842861 1.780008 1.71931 1.661043 1.60548 1.552889 1.503528 1.457645 1.415473 1.377232 1.343121 1.313318 1.287979 1.267235 1.25119 1.239919 1.233469 1.231856 1.235064 1.24305 1.255737 1.273021 1.294769 1.320821 1.350993 1.385078 1.42285 1.464064 1.508462 1.555774 1.605722 1.658022 1.71239 1.76854 1.82619 1.885067 1.944902 2.005439 2.066434 2.127656 2.18889 2.249935 2.310607 2.37074 
4.056571 4.055016 4.052934 4.050273 4.046978 4.04299 4.038248 4.032686 4.026239 4.018836 4.010406 4.000875 3.990167 3.978207 3.964917 3.950221 3.934042 3.916305 3.896937 3.875866 3.853026 3.82835 3.80178 3.773261 3.742742 3.710181 3.67554 3.638793 3.599915 3.558895 3.515729 3.47042 3.422984 3.373446 3.321839 3.26821 3.212615 3.155121 3.095809 3.034771 2.972108 2.907939 2.84239 2.775604 2.707735 2.638949 2.569427 2.499359 2.428952 2.35842 2.287991 2.217902 2.148401 2.079744 2.012193 1.946016 1.881485 1.818876 1.758462 1.700517 1.64531 1.593101 1.544145 1.498684 1.456945 1.419139 1.385461 1.356081 1.33115 1.310791 1.295103 1.284155 1.277989 1.276617 1.28002 1.288151 1.300932 1.318258 1.339995 1.365985 1.396044 1.429968 1.467532 1.508495 1.552603 1.599589 1.649181 1.701098 1.75506 1.810786 1.868 1.926429 1.985812 2.045894 2.106434 2.167205 2.227993 2.288599 2.348841 2.408554 
4.0813 4.080564 4.079315 4.077501 4.075064 4.071943 4.068074 4.06339 4.05782 4.051292 4.04373 4.035057 4.025193 4.014059 4.001573 3.987655 3.972225 3.955203 3.936512 3.916078 3.89383 3.8697 3.843626 3.815551 3.785424 3.753201 3.718844 3.682325 3.643623 3.602726 3.559633 3.514349 3.466893 3.417294 3.365589 3.311829 3.256076 3.198402 3.138894 3.077647 3.014773 2.950392 2.88464 2.817663 2.749622 2.680688 2.611046 2.540893 2.470438 2.399899 2.329506 2.2595 2.190129 2.121648 2.05432 1.988412 1.924195 1.861939 1.801916 1.744395 1.689638 1.637901 1.589433 1.544467 1.503226 1.465912 1.432712 1.403791 1.379292 1.359331 1.344001 1.333367 1.327465 1.326302 1.329858 1.338083 1.350897 1.368195 1.389843 1.415685 1.445538 1.479202 1.516456 1.557061 1.60077 1.647319 1.696441 1.747861 1.801303 1.856493 1.913157 1.97103 2.029852 2.089373 2.149357 2.209577 2.269823 2.329899 2.389623 2.448831 
4.106376 4.106491 4.106112 4.105181 4.103642 4.101429 4.098475 4.094712 4.090065 4.084459 4.077813 4.070046 4.061077 4.050819 4.039189 4.026101 4.011471 3.995215 3.977254 3.957509 3.935904 3.912371 3.886844 3.859265 3.82958 3.797744 3.763721 3.727481 3.689005 3.648282 3.605312 3.560106 3.512684 3.463078 3.411332 3.357502 3.301653 3.243864 3.184228 3.122846 3.059835 2.995324 2.929452 2.862372 2.794251 2.725265 2.655605 2.58547 2.515073 2.444636 2.374393 2.304582 2.235455 2.167265 2.100275 2.03475 1.970955 1.90916 1.849631 1.79263 1.738415 1.687235 1.639331 1.594929 1.554243 1.51747 1.484788 1.456354 1.432302 1.412746 1.397769 1.387432 1.381766 1.380775 1.384436 1.392697 1.405478 1.422673 1.444151 1.469756 1.499311 1.532616 1.569456 1.609599 1.652799 1.698802 1.747344 1.798157 1.850971 1.905516 1.961525 2.018737 2.076897 2.13576 2.195091 2.254669 2.314285 2.373745 2.432869 2.491493 
4.131761 4.132761 4.133285 4.133275 4.132671 4.131405 4.12941 4.126611 4.122931 4.118292 4.112609 4.105799 4.097772 4.088441 4.077717 4.06551 4.051731 4.036294 4.019114 4.000107 3.979198 3.956313 3.931384 3.90435 3.875157 3.843759 3.810118 3.774207 3.736006 3.695508 3.652713 3.607636 3.560302 3.510746 3.459017 3.405175 3.349293 3.291455 3.23176 3.170315 3.107245 3.042682 2.976775 2.909682 2.841573 2.772632 2.703053 2.63304 2.562809 2.492584 2.4226 2.353099 2.284328 2.216543 2.150003 2.084969 2.021706 1.960475 1.901537 1.84515 1.791563 1.741019 1.693749 1.649973 1.609895 1.573705 1.541571 1.513644 1.490051 1.470896 1.45626 1.446196 1.440733 1.43987 1.443583 1.451817 1.464494 1.481508 1.502731 1.52801 1.55717 1.590017 1.626342 1.665917 1.708505 1.753854 1.801711 1.851811 1.903893 1.957692 2.012947 2.069402 2.126806 2.18492 2.243512 2.302364 2.36127 2.420038 2.478488 2.536459 
4.157417 4.159332 4.160793 4.161739 4.162107 4.161829 4.160831 4.159038 4.15637 4.152742 4.148069 4.142261 4.135225 4.12687 4.117102 4.105825 4.092949 4.078381 4.062031 4.043815 4.023652 4.001463 3.977182 3.950743 3.922091 3.89118 3.857971 3.822438 3.784562 3.744338 3.701769 3.656874 3.60968 3.560229 3.508574 3.45478 3.398927 3.341106 3.28142 3.219985 3.156931 3.092399 3.026541 2.959522 2.891519 2.822719 2.753321 2.683534 2.613575 2.543671 2.474057 2.404975 2.336673 2.269403 2.203422 2.138987 2.076358 2.01579 1.957539 1.901853 1.848976 1.799139 1.752568 1.709473 1.670048 1.634475 1.602914 1.575506 1.552373 1.533612 1.519297 1.509476 1.504174 1.50339 1.507095 1.515236 1.527734 1.544487 1.565368 1.590228 1.618898 1.65119 1.686898 1.725805 1.767677 1.812272 1.859342 1.908632 1.959885 2.012843 2.067252 2.122861 2.179426 2.236709 2.294485 2.352537 2.410662 2.468669 2.526382 2.583638 
4.183299 4.18616 4.18859 4.190526 4.191901 4.192647 4.192686 4.19194 4.190324 4.187753 4.184134 4.179373 4.173376 4.166044 4.157279 4.146983 4.135057 4.121406 4.105937 4.088561 4.069191 4.04775 4.024164 3.998368 3.970305 3.939929 3.9072 3.872093 3.834591 3.794689 3.752397 3.707734 3.660733 3.611441 3.559916 3.50623 3.450468 3.392728 3.33312 3.271768 3.208806 3.144383 3.078658 3.011802 2.943997 2.875434 2.806317 2.736857 2.667275 2.597799 2.528663 2.46011 2.392386 2.32574 2.260424 2.196692 2.134796 2.074987 2.017511 1.962609 1.910516 1.861455 1.81564 1.773273 1.73454 1.699611 1.668638 1.641757 1.619078 1.600694 1.586672 1.577058 1.571872 1.57111 1.574743 1.582719 1.594961 1.611369 1.631819 1.656169 1.684254 1.715893 1.750889 1.789028 1.830087 1.873832 1.920022 1.968408 2.018743 2.070775 2.124256 2.178941 2.234591 2.290972 2.347863 2.405051 2.462334 2.519524 2.576444 2.632934 
4.209359 4.213195 4.216624 4.219581 4.221998 4.223803 4.224916 4.225255 4.224733 4.223258 4.220736 4.217068 4.212153 4.20589 4.198175 4.188905 4.177978 4.165292 4.150751 4.134261 4.115734 4.095086 4.072242 4.047136 4.01971 3.989914 3.957712 3.923077 3.885995 3.846465 3.804497 3.760117 3.71336 3.66428 3.612941 3.55942 3.50381 3.446215 3.386753 3.325554 3.26276 3.198526 3.133017 3.066411 2.998893 2.930663 2.861924 2.792893 2.723791 2.654847 2.586297 2.518379 2.451339 2.385421 2.320873 2.257943 2.196876 2.137915 2.081298 2.027258 1.976017 1.927792 1.882785 1.841187 1.803176 1.768911 1.738538 1.71218 1.689943 1.671913 1.658152 1.6487 1.643577 1.642777 1.646271 1.654008 1.665913 1.68189 1.701822 1.725569 1.752976 1.783868 1.818056 1.855335 1.89549 1.938295 1.983517 2.030917 2.080253 2.131283 2.183763 2.237456 2.292125 2.347545 2.403495 2.459766 2.516157 2.572482 2.628566 2.684246 
4.235548 4.240385 4.244839 4.248847 4.252337 4.255234 4.257456 4.258917 4.259526 4.259187 4.257802 4.255268 4.251479 4.246327 4.239707 4.231508 4.221623 4.209948 4.196381 4.180822 4.163181 4.143372 4.121316 4.096945 4.070199 4.041028 4.009398 3.97528 3.938664 3.89955 3.857954 3.813904 3.767442 3.718626 3.667526 3.614227 3.558828 3.501441 3.442191 3.381214 3.318662 3.254694 3.189483 3.123212 3.056072 2.988266 2.920002 2.851498 2.782977 2.714669 2.646807 2.579628 2.513375 2.448286 2.384605 2.322572 2.262424 2.204396 2.148717 2.095608 2.045284 1.997948 1.953793 1.912999 1.875733 1.842146 1.812373 1.78653 1.764717 1.747011 1.733471 1.724134 1.719018 1.718115 1.721398 1.728818 1.740304 1.755765 1.775089 1.798144 1.824782 1.854836 1.888127 1.924458 1.963623 2.005405 2.049582 2.095921 2.144188 2.194149 2.245568 2.298211 2.351849 2.406257 2.461221 2.516533 2.571994 2.627419 2.682633 2.737473 
4.261808 4.267669 4.273176 4.278262 4.282854 4.286873 4.290236 4.292852 4.294627 4.295461 4.29525 4.293888 4.291264 4.287266 4.281781 4.274694 4.265895 4.255272 4.242721 4.228137 4.211425 4.192497 4.171271 4.147676 4.121653 4.09315 4.062132 4.028575 3.992468 3.953815 3.912635 3.868961 3.822841 3.774339 3.72353 3.670508 3.615378 3.558259 3.499285 3.438599 3.376359 3.312733 3.2479 3.182047 3.115373 3.048081 2.980386 2.912505 2.844663 2.777089 2.710016 2.643677 2.578308 2.514146 2.451426 2.390379 2.331237 2.274221 2.219553 2.167441 2.118089 2.07169 2.028424 1.988462 1.951959 1.919056 1.889878 1.864536 1.84312 1.825703 1.812339 1.803064 1.797893 1.796819 1.799817 1.806842 1.817827 1.832686 1.851314 1.87359 1.899371 1.928502 1.960811 1.996113 2.034211 2.074898 2.117959 2.163173 2.210313 2.259151 2.309458 2.361007 2.413572 2.466934 2.520879 2.575203 2.629709 2.68421 2.738532 2.792511 
4.288083 4.294988 4.301569 4.307757 4.313477 4.318646 4.323178 4.32698 4.329952 4.331992 4.332991 4.332837 4.331414 4.328606 4.324293 4.318358 4.310683 4.301152 4.289655 4.276085 4.260343 4.242334 4.221978 4.199199 4.173937 4.146142 4.115777 4.082819 4.047261 4.00911 3.968389 3.925135 3.879403 3.831261 3.780794 3.7281 3.673294 3.616503 3.557866 3.497536 3.435679 3.372468 3.308089 3.242735 3.17661 3.109921 3.042883 2.975718 2.908651 2.841908 2.775718 2.710315 2.645926 2.582783 2.521113 2.461139 2.40308 2.347152 2.29356 2.242504 2.194175 2.148753 2.106409 2.067299 2.031569 1.99935 1.970758 1.945894 1.924845 1.907676 1.89444 1.88517 1.879879 1.878564 1.881202 1.887751 1.898152 1.912326 1.930175 1.951586 1.976429 2.004556 2.035806 2.070006 2.106968 2.146497 2.188385 2.23242 2.278385 2.326059 2.375218 2.42564 2.477106 2.529398 2.582306 2.635625 2.689162 2.742728 2.796149 2.849259 
4.314307 4.322275 4.32995 4.337261 4.34413 4.350473 4.3562 4.361214 4.365412 4.368687 4.370925 4.37201 4.371821 4.370236 4.367131 4.362382 4.355865 4.347462 4.337056 4.324535 4.309797 4.292745 4.273293 4.251367 4.226902 4.19985 4.170174 4.137852 4.102881 4.06527 4.025047 3.982255 3.936952 3.889215 3.839136 3.786821 3.732391 3.675982 3.617742 3.557832 3.496423 3.433697 3.369846 3.305069 3.239573 3.173571 3.107279 3.040919 2.974716 2.908895 2.843683 2.779305 2.715987 2.65395 2.593414 2.534591 2.477692 2.422918 2.370464 2.320517 2.273255 2.228846 2.187447 2.149204 2.114252 2.08271 2.054688 2.030277 2.009558 1.992594 1.979432 1.970106 1.964629 1.963001 1.965203 1.971198 1.980935 1.994341 2.01133 2.031798 2.055625 2.082676 2.112799 2.145833 2.181602 2.219918 2.260586 2.303403 2.348159 2.394639 2.442627 2.491906 2.542259 2.593472 2.645337 2.697651 2.750218 2.802851 2.855373 2.907618 
4.340415 4.34946 4.358244 4.366695 4.374732 4.382269 4.389212 4.395461 4.400908 4.405443 4.408947 4.411299 4.412373 4.41204 4.410171 4.406638 4.401311 4.394067 4.384782 4.373343 4.359641 4.343576 4.325061 4.304018 4.280384 4.254106 4.225152 4.1935 4.159149 4.122114 4.082424 4.04013 3.995296 3.948006 3.898359 3.846468 3.792464 3.736489 3.678702 3.619269 3.558372 3.496198 3.432945 3.368819 3.30403 3.238794 3.17333 3.10786 3.042608 2.977797 2.913648 2.850383 2.78822 2.727371 2.668047 2.61045 2.554778 2.50122 2.449959 2.401168 2.355011 2.311643 2.271209 2.233843 2.199667 2.168792 2.141317 2.117329 2.0969 2.080092 2.066949 2.057505 2.051775 2.049762 2.051452 2.056817 2.065811 2.078374 2.094427 2.11388 2.136622 2.162531 2.191468 2.223283 2.25781 2.294874 2.334289 2.375861 2.419386 2.464659 2.511468 2.5596 2.608842 2.658983 2.709814 2.761133 2.812745 2.864459 2.916098 2.967492 
4.366335 4.376468 4.386374 4.395977 4.405197 4.413943 4.422119 4.42962 4.436337 4.442153 4.446944 4.450585 4.452943 4.453887 4.45328 4.450988 4.446877 4.440817 4.432681 4.422349 4.40971 4.394661 4.37711 4.356978 4.334201 4.308727 4.280522 4.249569 4.215869 4.179439 4.140316 4.098554 4.054224 4.007419 3.958242 3.906818 3.853285 3.797794 3.740511 3.681612 3.621285 3.559725 3.497137 3.433731 3.369721 3.305327 3.240769 3.176269 3.112049 3.048329 2.985326 2.923254 2.862325 2.802741 2.744702 2.688399 2.634016 2.581731 2.531711 2.484116 2.439096 2.396793 2.357337 2.32085 2.287445 2.25722 2.230268 2.206668 2.186488 2.169785 2.156605 2.146979 2.140929 2.13846 2.139567 2.144227 2.152406 2.164052 2.179101 2.197473 2.21907 2.243783 2.271486 2.302039 2.335291 2.371076 2.409218 2.449532 2.491822 2.535888 2.581525 2.628523 2.676671 2.72576 2.775582 2.825933 2.876617 2.927441 2.978225 3.028795 
4.391996 4.403222 4.414256 4.425021 4.435433 4.445399 4.45482 4.463588 4.471588 4.478699 4.484794 4.489741 4.493403 4.495641 4.496316 4.495285 4.49241 4.487556 4.480589 4.471387 4.459833 4.44582 4.429256 4.410058 4.38816 4.363513 4.336082 4.305853 4.272828 4.237031 4.198502 4.1573 4.113507 4.067219 4.018549 3.967631 3.91461 3.859647 3.802915 3.744601 3.684898 3.624011 3.562149 3.499527 3.436365 3.372883 3.309304 3.245848 3.182735 3.120183 3.058401 2.997598 2.937975 2.879726 2.823038 2.768091 2.715054 2.664091 2.615356 2.568992 2.525136 2.483914 2.445445 2.409837 2.377191 2.347598 2.32114 2.29789 2.277914 2.261266 2.24799 2.238122 2.231685 2.228693 2.229146 2.233033 2.240329 2.250995 2.264979 2.282213 2.302616 2.326089 2.352521 2.381786 2.413741 2.448235 2.485099 2.524158 2.565223 2.608101 2.652588 2.69848 2.745568 2.793642 2.842494 2.891918 2.941716 2.991692 3.041661 3.091446 
4.417321 4.429642 4.441807 4.453737 4.465346 4.476538 4.487211 4.497252 4.506544 4.51496 4.522369 4.528633 4.533611 4.537157 4.539126 4.539371 4.537746 4.534112 4.528331 4.520274 4.50982 4.496861 4.4813 4.463053 4.442053 4.418251 4.391613 4.362126 4.329799 4.294655 4.256743 4.216129 4.172898 4.127156 4.079025 4.028646 3.976173 3.921777 3.865641 3.807957 3.748929 3.688766 3.627686 3.565908 3.503655 3.44115 3.378617 3.316274 3.254339 3.193023 3.132533 3.073067 3.014817 2.957966 2.90269 2.849153 2.797513 2.747916 2.700501 2.655398 2.612726 2.572599 2.53512 2.500386 2.468485 2.4395 2.413506 2.390569 2.370751 2.354105 2.340678 2.330507 2.323622 2.320043 2.319779 2.32283 2.329183 2.338813 2.351681 2.367733 2.386903 2.409106 2.434245 2.462206 2.49286 2.526065 2.561664 2.599488 2.639355 2.681078 2.724457 2.769289 2.815365 2.862477 2.910414 2.958967 3.007935 3.057117 3.106325 3.155377 
4.44223 4.455643 4.468937 4.482031 4.494836 4.507255 4.519179 4.530497 4.541083 4.550808 4.559535 4.567122 4.573421 4.578281 4.581551 4.583079 4.582713 4.580308 4.575721 4.568819 4.559476 4.547581 4.533034 4.515749 4.495659 4.472713 4.446882 4.418153 4.386538 4.352065 4.314788 4.27478 4.232133 4.186961 4.139395 4.089584 4.037692 3.983898 3.928394 3.871382 3.813072 3.753682 3.693434 3.632553 3.571265 3.509796 3.448368 3.3872 3.326505 3.26649 3.207354 3.149287 3.09247 3.037075 2.983263 2.931186 2.880985 2.832792 2.786729 2.74291 2.701439 2.662413 2.625924 2.592055 2.560883 2.532481 2.506918 2.484255 2.464551 2.447858 2.434226 2.423696 2.416304 2.412079 2.411041 2.413203 2.418563 2.427111 2.438823 2.453661 2.471572 2.49249 2.516328 2.542988 2.572352 2.604289 2.638652 2.675277 2.713993 2.754612 2.796941 2.840775 2.885907 2.932126 2.979218 3.026972 3.075179 3.123637 3.17215 3.220529 
4.466642 4.48114 4.495555 4.509806 4.523801 4.53744 4.550612 4.563201 4.575078 4.586109 4.596152 4.605059 4.612678 4.618852 4.623424 4.626235 4.62713 4.625955 4.622564 4.616819 4.608592 4.597764 4.584235 4.567918 4.548744 4.526663 4.501645 4.473682 4.442789 4.408998 4.37237 4.332982 4.290936 4.246352 4.199372 4.150152 4.098866 4.045704 3.990864 3.934558 3.877005 3.818428 3.759057 3.69912 3.638847 3.578465 3.518197 3.458258 3.39886 3.340201 3.282474 3.22586 3.170529 3.116639 3.064338 3.013763 2.965039 2.918281 2.873595 2.831078 2.790819 2.752899 2.717396 2.68438 2.653918 2.626074 2.600909 2.578482 2.558848 2.542062 2.528175 2.517235 2.509285 2.504364 2.502505 2.503731 2.508059 2.515491 2.526021 2.539627 2.556272 2.575902 2.59845 2.623828 2.651932 2.682639 2.715812 2.751297 2.788924 2.82851 2.869864 2.912781 2.957052 3.002463 3.048797 3.095837 3.143369 3.191184 3.239079 3.28686 
4.490474 4.506043 4.521567 4.536963 4.552135 4.566982 4.581391 4.59524 4.608397 4.620724 4.632073 4.642292 4.651223 4.658703 4.664569 4.668658 4.670806 4.670857 4.668658 4.664066 4.65695 4.647187 4.634674 4.619323 4.601064 4.579847 4.555645 4.528451 4.498282 4.465179 4.429206 4.390448 4.349013 4.305031 4.258651 4.21004 4.159381 4.106873 4.052723 3.997153 3.940388 3.882659 3.824202 3.765249 3.706033 3.646783 3.58772 3.529059 3.471004 3.413751 3.357481 3.302367 3.248567 3.196225 3.145474 3.096437 3.04922 3.003922 2.960633 2.919431 2.880391 2.843577 2.809052 2.776876 2.747104 2.719792 2.694995 2.672767 2.653164 2.636242 2.622056 2.610661 2.602109 2.596452 2.593733 2.593992 2.597261 2.603559 2.612895 2.625266 2.640651 2.659014 2.680298 2.704432 2.731323 2.760859 2.792911 2.827329 2.86395 2.902594 2.943067 2.985165 3.028676 3.073382 3.11906 3.165487 3.212442 3.259708 3.307075 3.354342 
4.513642 4.530264 4.546878 4.563399 4.579731 4.595768 4.611395 4.626486 4.640907 4.654512 4.667151 4.678666 4.688892 4.697663 4.704809 4.71016 4.713549 4.714811 4.713792 4.710342 4.704324 4.695616 4.684111 4.669717 4.652365 4.632007 4.608614 4.582185 4.55274 4.520323 4.485005 4.446879 4.40606 4.362687 4.316916 4.268926 4.218908 4.16707 4.113631 4.058818 4.002865 3.946012 3.888499 3.830563 3.772439 3.714357 3.656538 3.599193 3.542523 3.486715 3.431943 3.378368 3.326135 3.275375 3.226207 3.178735 3.133049 3.089232 3.047354 3.007476 2.969657 2.933946 2.900392 2.86904 2.839939 2.813133 2.788674 2.766614 2.747007 2.729912 2.71539 2.703505 2.694319 2.687894 2.684291 2.683564 2.685761 2.690922 2.699071 2.710222 2.724374 2.741504 2.761573 2.784522 2.810269 2.838712 2.86973 2.903178 2.938896 2.976705 3.016411 3.057807 3.100677 3.144796 3.189935 3.235863 3.282352 3.329176 3.376116 3.422961 
4.53606 4.55371 4.57139 4.589012 4.606478 4.623681 4.640501 4.65681 4.672469 4.687328 4.701232 4.714018 4.725517 4.735555 4.743958 4.750549 4.755156 4.75761 4.757749 4.755421 4.750484 4.742813 4.732297 4.718845 4.702387 4.682873 4.660278 4.634603 4.605872 4.574134 4.539466 4.501968 4.461764 4.418999 4.373841 4.326476 4.277107 4.225949 4.173232 4.119191 4.064069 4.008112 3.951565 3.89467 3.837665 3.78078 3.724235 3.668237 3.612983 3.558652 3.505409 3.453403 3.402766 3.353616 3.306055 3.260169 3.216033 3.173709 3.13325 3.094702 3.058103 3.023489 2.990895 2.960354 2.931903 2.905582 2.881436 2.859515 2.839875 2.822579 2.807695 2.795293 2.78545 2.778242 2.773744 2.772028 2.77316 2.777196 2.784182 2.79415 2.807113 2.823069 2.841992 2.863835 2.888528 2.915979 2.946071 2.978666 3.013604 3.050707 3.089779 3.130608 3.172971 3.216638 3.261372 3.306931 3.353078 3.399577 3.446199 3.492725 
4.557644 4.576292 4.595006 4.613698 4.632267 4.650604 4.668586 4.68608 4.702944 4.719025 4.734163 4.748188 4.760927 4.772201 4.781828 4.789629 4.795425 4.799041 4.80031 4.799076 4.795194 4.788533 4.778983 4.766449 4.750861 4.732171 4.710355 4.685416 4.657383 4.62631 4.59228 4.5554 4.515801 4.473638 4.429089 4.382347 4.333627 4.283153 4.231163 4.177902 4.123621 4.068571 4.013004 3.957167 3.901299 3.84563 3.79038 3.735752 3.681936 3.629105 3.577413 3.526998 3.477979 3.430458 3.384519 3.340234 3.297658 3.256836 3.217801 3.180582 3.1452 3.111677 3.080032 3.050287 3.02247 2.996614 2.97276 2.950958 2.931264 2.913748 2.898483 2.885553 2.875046 2.867053 2.861666 2.858974 2.859064 2.86201 2.867878 2.876719 2.888563 2.903424 2.921291 2.942131 2.965883 2.992464 3.021762 3.053642 3.087945 3.124491 3.16308 3.203494 3.245504 3.28887 3.333344 3.378676 3.424616 3.470918 3.517343 3.563659 
4.578309 4.597919 4.617631 4.637355 4.656989 4.67642 4.695524 4.714164 4.732193 4.749456 4.765786 4.781011 4.79495 4.807419 4.818233 4.827204 4.834149 4.838889 4.841251 4.841075 4.838212 4.832529 4.823911 4.812264 4.797517 4.779623 4.758559 4.734331 4.706973 4.676544 4.643132 4.606852 4.567843 4.52627 4.482317 4.436191 4.388112 4.338316 4.287051 4.234571 4.181132 4.126994 4.072413 4.017642 3.962919 3.908478 3.854534 3.801288 3.748924 3.697605 3.647478 3.598667 3.551277 3.505395 3.46109 3.418412 3.377401 3.338082 3.300472 3.264578 3.230409 3.197967 3.167261 3.1383 3.111104 3.085699 3.062123 3.040425 3.020667 3.002922 2.987273 2.973816 2.962652 2.95389 2.947638 2.944005 2.943097 2.945009 2.949826 2.957618 2.968435 2.982305 2.999232 3.019195 3.042143 3.067999 3.096656 3.127982 3.161815 3.197973 3.236249 3.276419 3.318244 3.361474 3.405849 3.451108 3.496988 3.543231 3.589585 3.635808 
4.597969 4.618499 4.639167 4.659879 4.680533 4.701014 4.721192 4.740931 4.760078 4.778474 4.795949 4.812323 4.827413 4.84103 4.852981 4.863075 4.871123 4.87694 4.88035 4.881187 4.879299 4.874551 4.866825 4.856026 4.842083 4.824947 4.804602 4.781053 4.754339 4.724525 4.691705 4.656001 4.61756 4.576555 4.533181 4.487653 4.440202 4.391073 4.340522 4.288813 4.23621 4.182979 4.129382 4.075674 4.022098 3.968884 3.916249 3.864388 3.813478 3.763677 3.715119 3.667915 3.622158 3.577917 3.535245 3.494176 3.454729 3.416911 3.380719 3.346147 3.313181 3.281814 3.252037 3.22385 3.197265 3.172303 3.148999 3.127403 3.10758 3.08961 3.073589 3.059622 3.047827 3.03833 3.031257 3.026739 3.0249 3.025857 3.029716 3.036563 3.046468 3.059476 3.075603 3.09484 3.117145 3.142446 3.170639 3.201592 3.235142 3.2711 3.309252 3.349366 3.391191 3.434464 3.478914 3.524265 3.57024 3.616568 3.662985 3.709236 
4.616544 4.637947 4.65952 4.681171 4.702793 4.724269 4.74547 4.766252 4.786462 4.805934 4.824496 4.841964 4.858148 4.872855 4.885886 4.897047 4.906141 4.91298 4.917383 4.919181 4.918217 4.914352 4.90747 4.897471 4.884285 4.867866 4.848197 4.825287 4.79918 4.769945 4.737682 4.702522 4.664619 4.624156 4.581334 4.53638 4.489535 4.441052 4.391198 4.340243 4.288461 4.236123 4.183497 4.130841 4.078401 4.026407 3.975073 3.92459 3.875129 3.826839 3.779843 3.734241 3.690111 3.647506 3.606462 3.566994 3.529103 3.492778 3.457999 3.424738 3.392969 3.362667 3.333813 3.306396 3.280419 3.255899 3.232869 3.211382 3.191507 3.173333 3.156966 3.142525 3.130145 3.119968 3.112142 3.106816 3.104138 3.104244 3.107261 3.113295 3.122431 3.134731 3.150224 3.168912 3.190759 3.215698 3.243628 3.274413 3.307886 3.343852 3.382087 3.422349 3.464372 3.507882 3.55259 3.598207 3.644441 3.691006 3.737624 3.784028 
4.633954 4.656176 4.6786 4.701132 4.723664 4.746077 4.768238 4.790001 4.811209 4.831695 4.851279 4.869775 4.886987 4.902718 4.916765 4.928926 4.939002 4.946799 4.952133 4.954829 4.954728 4.951689 4.945592 4.936339 4.923857 4.908103 4.889059 4.866741 4.841195 4.812496 4.78075 4.746095 4.708693 4.668735 4.626433 4.582022 4.535752 4.487887 4.438703 4.388476 4.337491 4.286024 4.234347 4.182723 4.131399 4.080606 4.030554 3.981432 3.933404 3.886609 3.84116 3.797145 3.754626 3.713643 3.674212 3.636333 3.599986 3.565142 3.531763 3.499804 3.469224 3.439982 3.412047 3.385399 3.360034 3.335964 3.313223 3.291866 3.271967 3.253625 3.236957 3.222098 3.209198 3.19842 3.189932 3.183904 3.180503 3.17989 3.182208 3.187585 3.196124 3.207898 3.22295 3.241291 3.262891 3.287686 3.315575 3.346417 3.380041 3.416241 3.454784 3.495412 3.537847 3.581796 3.626957 3.673023 3.719687 3.766644 3.813605 3.860287 
4.650122 4.673104 4.696318 4.719668 4.743045 4.766327 4.78938 4.812055 4.834192 4.855618 4.876152 4.895602 4.913769 4.930449 4.945437 4.958525 4.96951 4.978193 4.984385 4.987909 4.988603 4.986323 4.980946 4.972374 4.960535 4.945385 4.926911 4.90513 4.880093 4.851879 4.820601 4.786404 4.749458 4.709963 4.668139 4.624232 4.578499 4.531216 4.482665 4.433134 4.382911 4.332283 4.281524 4.230902 4.180664 4.131043 4.082245 4.034456 3.987833 3.942507 3.89858 3.856127 3.815197 3.775813 3.737975 3.701663 3.666843 3.633465 3.601472 3.570806 3.541407 3.513221 3.486206 3.460333 3.435592 3.411992 3.389566 3.368373 3.348495 3.330039 3.313136 3.297936 3.284608 3.273332 3.264298 3.257698 3.25372 3.252545 3.254339 3.259245 3.267383 3.278841 3.293673 3.311895 3.333485 3.358378 3.38647 3.417617 3.451638 3.488316 3.527406 3.568632 3.611703 3.656307 3.702123 3.748827 3.796093 3.843603 3.891048 3.938135 
4.664977 4.688654 4.712591 4.73669 4.76084 4.784919 4.808789 4.832299 4.855285 4.877573 4.898975 4.919298 4.938337 4.955885 4.971731 4.985664 4.997476 5.006964 5.013935 5.018209 5.01962 5.018023 5.013293 5.005332 4.994066 4.979455 4.961485 4.940178 4.915588 4.887801 4.856936 4.823143 4.786602 4.747519 4.706125 4.662673 4.617432 4.570685 4.522724 4.473845 4.424343 4.374511 4.324629 4.274968 4.225777 4.177288 4.129706 4.083212 4.037957 3.994063 3.951623 3.910699 3.871325 3.833509 3.797236 3.762467 3.72915 3.697218 3.666598 3.637213 3.608989 3.58186 3.555773 3.530689 3.506593 3.483493 3.461423 3.440445 3.42065 3.402155 3.385104 3.369664 3.356022 3.344378 3.334943 3.32793 3.323549 3.322001 3.323471 3.328122 3.336087 3.347466 3.362325 3.380684 3.402524 3.42778 3.456343 3.488062 3.522744 3.560161 3.600049 3.64212 3.686061 3.731541 3.77822 3.825755 3.873801 3.922022 3.970094 4.017708 
4.678448 4.702752 4.727339 4.752112 4.776959 4.801755 4.82636 4.850621 4.874372 4.897434 4.919617 4.940722 4.960545 4.97887 4.995484 5.010171 5.02272 5.032925 5.040587 5.045524 5.047568 5.046571 5.042407 5.034976 5.024208 5.010059 4.992522 4.97162 4.947411 4.919985 4.889469 4.856019 4.819822 4.781094 4.740074 4.697022 4.652219 4.605955 4.558531 4.510251 4.461419 4.412332 4.363276 4.314525 4.26633 4.218924 4.172508 4.127261 4.083326 4.040819 3.99982 3.960382 3.922524 3.886239 3.851496 3.818239 3.786399 3.755892 3.726628 3.698514 3.671463 3.645396 3.620248 3.595977 3.57256 3.550004 3.528346 3.507653 3.488022 3.469584 3.452496 3.436943 3.423128 3.411273 3.401609 3.394371 3.389791 3.388088 3.389467 3.394106 3.402153 3.413721 3.428881 3.447658 3.470034 3.49594 3.525261 3.557837 3.593462 3.631891 3.672846 3.716016 3.761068 3.807653 3.855407 3.903968 3.952971 4.002061 4.050898 4.099159 
4.690475 4.71533 4.74049 4.765857 4.791318 4.816746 4.841998 4.86692 4.891343 4.915085 4.937954 4.959747 4.980254 4.999259 5.016543 5.031888 5.045076 5.0559 5.064158 5.069664 5.072248 5.07176 5.068073 5.061087 5.050731 5.036965 5.019781 4.999206 4.975303 4.948167 4.91793 4.884754 4.848835 4.810396 4.769685 4.726972 4.682543 4.636701 4.589753 4.542012 4.493788 4.445385 4.397095 4.349194 4.301935 4.25555 4.210242 4.166182 4.12351 4.082333 4.042723 4.004718 3.968328 3.933529 3.900275 3.868494 3.838101 3.808995 3.78107 3.75422 3.728343 3.703348 3.679163 3.655736 3.633044 3.611092 3.589919 3.569597 3.550235 3.531972 3.514984 3.499468 3.48565 3.47377 3.46408 3.456836 3.45229 3.450681 3.452231 3.457133 3.465549 3.477598 3.493359 3.51286 3.53608 3.562945 3.593332 3.627067 3.663931 3.70366 3.745956 3.790488 3.836901 3.88482 3.933864 3.983645 4.033779 4.083892 4.133627 4.182647 
4.701 4.726327 4.751978 4.777854 4.803841 4.829809 4.855615 4.881102 4.906099 4.930422 4.953874 4.976251 4.997339 5.016919 5.034768 5.050664 5.064388 5.075727 5.084478 5.090452 5.093476 5.0934 5.090095 5.08346 5.073426 5.059953 5.043036 5.022706 4.999027 4.972101 4.942066 4.90909 4.873375 4.835153 4.79468 4.752233 4.70811 4.66262 4.616078 4.568806 4.521122 4.473333 4.425738 4.378615 4.332222 4.28679 4.242519 4.199578 4.158102 4.118189 4.079903 4.043272 4.008293 3.974929 3.943117 3.912774 3.883795 3.856066 3.829465 3.803873 3.779175 3.75527 3.732078 3.709542 3.687633 3.666359 3.645762 3.62592 3.606951 3.589009 3.57228 3.556983 3.543359 3.53167 3.522187 3.515186 3.510939 3.509703 3.511716 3.517185 3.526282 3.539134 3.555823 3.576377 3.60077 3.628923 3.6607 3.695912 3.734323 3.775649 3.81957 3.865732 3.913756 3.963243 4.013788 4.064981 4.116415 4.167699 4.218458 4.26834 
4.709973 4.73569 4.761745 4.78804 4.814459 4.840871 4.867133 4.893084 4.918551 4.943348 4.967277 4.990129 5.011687 5.03173 5.050033 5.066369 5.080517 5.092261 5.101396 5.10773 5.111088 5.111319 5.108294 5.101911 5.092101 5.078826 5.062084 5.041908 5.018366 4.991565 4.961648 4.928789 4.893198 4.855114 4.8148 4.772543 4.728648 4.683432 4.637219 4.590338 4.543113 4.49586 4.448881 4.402457 4.35685 4.31229 4.268976 4.227076 4.186718 4.147995 4.110963 4.075639 4.042007 4.010019 3.9796 3.95065 3.923051 3.896674 3.871384 3.847048 3.823541 3.800753 3.778594 3.757005 3.735955 3.715451 3.69554 3.676308 3.657882 3.640427 3.624147 3.609276 3.596074 3.58482 3.575807 3.56933 3.565678 3.565125 3.567923 3.574291 3.584409 3.598411 3.616378 3.638336 3.664253 3.694039 3.727544 3.764563 3.804839 3.848067 3.893902 3.941965 3.991851 4.043138 4.095392 4.148181 4.201078 4.253672 4.30557 4.356406 
4.717351 4.74337 4.76974 4.79636 4.823114 4.849871 4.876484 4.902793 4.928621 4.953782 4.978073 5.001285 5.023198 5.043588 5.062227 5.078887 5.093342 5.105374 5.114778 5.121357 5.124938 5.125366 5.122511 5.116275 5.106586 5.09341 5.076744 5.056626 5.033128 5.006361 4.976471 4.943643 4.90809 4.870057 4.829817 4.787665 4.743913 4.698885 4.652916 4.60634 4.559488 4.512683 4.46623 4.420418 4.375506 4.331729 4.289285 4.248338 4.209013 4.171397 4.135538 4.101445 4.069091 4.038418 4.009336 3.981734 3.955479 3.93043 3.90644 3.883364 3.861067 3.839429 3.818357 3.797785 3.777683 3.75806 3.738966 3.720495 3.702785 3.686013 3.670398 3.656188 3.643664 3.633122 3.624873 3.61923 3.616498 3.616967 3.620901 3.628528 3.640034 3.655555 3.675172 3.698905 3.726713 3.758492 3.794077 3.833243 3.87571 3.921148 3.969188 4.019422 4.071419 4.124729 4.178895 4.233458 4.287971 4.342002 4.395141 4.447011 
4.723098 4.74933 4.775921 4.802769 4.829758 4.856755 4.883613 4.910169 4.936245 4.961653 4.98619 5.009643 5.03179 5.052405 5.071258 5.088118 5.102758 5.114958 5.124509 5.131216 5.134901 5.13541 5.132615 5.126414 5.116738 5.103554 5.086862 5.0667 5.043147 5.016316 4.986361 4.953468 4.91786 4.879788 4.839531 4.797392 4.753691 4.708761 4.662942 4.616577 4.570004 4.52355 4.477528 4.432228 4.387915 4.344822 4.30315 4.26306 4.224674 4.188075 4.153303 4.120359 4.08921 4.059783 4.031981 4.005679 3.980733 3.956991 3.934294 3.912486 3.891424 3.870982 3.851061 3.831592 3.812545 3.793931 3.775806 3.758271 3.741474 3.725605 3.710897 3.697615 3.686054 3.676529 3.669367 3.664898 3.663441 3.6653 3.670746 3.680017 3.6933 3.710733 3.732391 3.758287 3.788368 3.822513 3.860539 3.902197 3.947184 3.995143 4.045676 4.098348 4.152699 4.20825 4.264519 4.321023 4.377291 4.432873 4.487342 4.540309 
4.727187 4.753539 4.780255 4.807232 4.834352 4.861483 4.888474 4.915163 4.941372 4.966908 4.991569 5.015139 5.037396 5.058111 5.077051 5.093985 5.108683 5.120925 5.130499 5.137209 5.140878 5.141349 5.138495 5.132214 5.122438 5.109136 5.092309 5.072 5.048288 5.021293 4.991171 4.958116 4.922355 4.884146 4.843775 4.801553 4.757805 4.712874 4.667106 4.620852 4.574454 4.528249 4.482552 4.437659 4.393838 4.351325 4.31032 4.270983 4.233435 4.197754 4.163977 4.132097 4.102072 4.073822 4.047239 4.022189 3.998518 3.976063 3.954655 3.934131 3.91434 3.895149 3.876456 3.858191 3.840323 3.822866 3.805883 3.789482 3.77382 3.759101 3.74557 3.733507 3.723223 3.715049 3.709327 3.7064 3.706601 3.710241 3.717602 3.728924 3.744396 3.764152 3.788259 3.816719 3.849465 3.886357 3.927189 3.971689 4.019525 4.070313 4.123623 4.178993 4.235931 4.293931 4.352483 4.411079 4.469227 4.526457 4.582329 4.63644 
4.729598 4.755978 4.782721 4.809725 4.83687 4.864024 4.891037 4.917743 4.943964 4.969508 4.994168 5.017729 5.039968 5.060653 5.079551 5.096429 5.111056 5.12321 5.13268 5.139267 5.142794 5.143104 5.140069 5.13359 5.123599 5.110065 5.092991 5.072425 5.048448 5.021182 4.99079 4.957469 4.921453 4.883006 4.84242 4.800012 4.756115 4.711078 4.665255 4.619004 4.572674 4.526607 4.481124 4.436526 4.393085 4.351038 4.310587 4.271894 4.235076 4.200211 4.167329 4.136421 4.107438 4.080292 4.054868 4.031022 4.008594 3.98741 3.967294 3.948077 3.9296 3.911728 3.894354 3.877408 3.86086 3.844729 3.829082 3.814034 3.799755 3.786457 3.774399 3.763875 3.755209 3.748747 3.744843 3.743852 3.746116 3.751956 3.761655 3.775456 3.793545 3.816049 3.843026 3.874463 3.910273 3.950298 3.994304 4.041993 4.093004 4.146922 4.203288 4.261604 4.32135 4.381992 4.44299 4.503815 4.56395 4.622909 4.680236 4.735519 
4.730322 4.756634 4.783305 4.810232 4.837296 4.864363 4.891282 4.917888 4.944001 4.969427 4.993961 5.017385 5.039476 5.06 5.078725 5.095415 5.109839 5.121775 5.131009 5.137343 5.140601 5.140625 5.137287 5.130487 5.120162 5.106278 5.088845 5.067909 5.043556 5.015912 4.985142 4.95145 4.915073 4.876282 4.835374 4.792673 4.748519 4.703268 4.657279 4.610919 4.564542 4.518497 4.473111 4.428689 4.385508 4.343809 4.303794 4.265628 4.229429 4.195271 4.163183 4.133153 4.105126 4.07901 4.054684 4.031996 4.01078 3.990856 3.972043 3.954163 3.937055 3.92058 3.90463 3.889134 3.874066 3.859447 3.84535 3.831899 3.819271 3.80769 3.797426 3.788785 3.782104 3.777739 3.776056 3.777418 3.782174 3.79065 3.80313 3.819854 3.841003 3.866693 3.896968 3.931799 3.971078 4.01462 4.062166 4.113388 4.167892 4.225233 4.284916 4.346415 4.409175 4.472634 4.536225 4.599394 4.661604 4.722351 4.781168 4.837632 
4.729357 4.755506 4.782006 4.808753 4.835628 4.862495 4.889205 4.915592 4.941475 4.96666 4.99094 5.014099 5.03591 5.056142 5.07456 5.090929 5.105017 5.116601 5.125468 5.13142 5.134279 5.13389 5.130123 5.122881 5.1121 5.09775 5.079841 5.058421 5.033579 5.005446 4.974189 4.940017 4.903171 4.863926 4.822588 4.779484 4.734962 4.689383 4.643115 4.596527 4.549985 4.503841 4.45843 4.414062 4.371016 4.32954 4.28984 4.25208 4.216383 4.18282 4.151422 4.122173 4.095016 4.069856 4.046566 4.024993 4.004964 3.986294 3.968798 3.952295 3.93662 3.921633 3.907226 3.893328 3.879915 3.867014 3.854701 3.84311 3.832424 3.822879 3.814752 3.808362 3.804054 3.802194 3.803155 3.807307 3.815003 3.826568 3.842285 3.862389 3.887049 3.916369 3.950378 3.989022 4.032171 4.079612 4.131057 4.186145 4.24445 4.305491 4.368742 4.43364 4.499601 4.566033 4.632342 4.697949 4.762301 4.824875 4.885193 4.942825 
4.726712 4.752602 4.778831 4.805295 4.831872 4.85843 4.884816 4.910865 4.936397 4.961215 4.985116 5.007879 5.029281 5.049088 5.067067 5.082981 5.0966 5.1077 5.116067 5.121506 5.123838 5.122908 5.118587 5.11078 5.099422 5.084486 5.065984 5.043965 5.018523 4.989788 4.957933 4.923169 4.885744 4.845936 4.804056 4.760437 4.715432 4.669409 4.622743 4.575809 4.52898 4.482613 4.43705 4.392607 4.34957 4.30819 4.268678 4.231202 4.195886 4.162805 4.131989 4.103424 4.077051 4.052773 4.030463 4.009964 3.9911 3.973684 3.957529 3.942451 3.928285 3.91489 3.902156 3.890018 3.878453 3.867491 3.857217 3.847767 3.839336 3.832164 3.826539 3.822786 3.821259 3.82233 3.826376 3.833771 3.844867 3.859987 3.879408 3.903353 3.931983 3.96538 4.003554 4.046428 4.093843 4.145556 4.201248 4.260521 4.322918 4.38792 4.454966 4.523461 4.592789 4.662326 4.731455 4.799574 4.866109 4.930526 4.992335 5.051103 
4.722403 4.747941 4.7738 4.799878 4.826052 4.852189 4.878138 4.903732 4.928791 4.953121 4.976514 4.998755 5.019618 5.03887 5.056277 5.071605 5.084622 5.095106 5.102844 5.10764 5.109316 5.107718 5.102719 5.094224 5.082169 5.066529 5.047317 5.024585 4.998427 4.968978 4.936415 4.900949 4.862833 4.822351 4.779816 4.735568 4.689965 4.643381 4.596197 4.548795 4.501553 4.454837 4.408994 4.364347 4.321189 4.279776 4.240324 4.203007 4.167951 4.135238 4.104898 4.076919 4.051244 4.027779 4.006393 3.986931 3.969216 3.953061 3.938278 3.924683 3.912111 3.900421 3.889507 3.879304 3.869794 3.861011 3.853043 3.846035 3.840185 3.835742 3.833 3.832288 3.833965 3.838407 3.845993 3.857094 3.872061 3.891207 3.914803 3.943058 3.976111 4.01403 4.056796 4.104307 4.156372 4.212717 4.272986 4.336749 4.403507 4.472709 4.543757 4.616022 4.688857 4.761609 4.833634 4.904311 4.973049 5.0393 5.102569 5.162416 
4.716457 4.741549 4.766943 4.792534 4.818201 4.843809 4.869207 4.894231 4.9187 4.942419 4.965183 4.986775 5.006971 5.025539 5.042245 5.056857 5.069143 5.078882 5.085861 5.089886 5.09078 5.08839 5.082591 5.073286 5.060416 5.043955 5.023918 5.000359 4.973374 4.943101 4.909717 4.873439 4.834522 4.793254 4.749953 4.704962 4.658646 4.611382 4.56356 4.515567 4.467788 4.420595 4.374344 4.329363 4.285953 4.244376 4.204856 4.167572 4.132658 4.100197 4.070227 4.04274 4.017682 3.994959 3.974447 3.955991 3.939415 3.924535 3.911162 3.899116 3.888233 3.878375 3.869437 3.861358 3.854123 3.84777 3.842393 3.83814 3.835215 3.83387 3.834403 3.837148 3.842464 3.850727 3.862313 3.877591 3.896902 3.920551 3.948791 3.981816 4.019745 4.062619 4.110393 4.162934 4.220017 4.281335 4.346493 4.415023 4.486391 4.560006 4.635236 4.711417 4.787871 4.863918 4.938891 5.012147 5.083081 5.151135 5.215807 5.276659 
4.70891 4.733467 4.7583 4.783306 4.808362 4.833336 4.858076 4.882418 4.90618 4.929171 4.951185 4.972006 4.991411 5.00917 5.02505 5.038818 5.050246 5.059114 5.065209 5.068339 5.068328 5.065025 5.058305 5.048073 5.034271 5.016875 4.995901 4.971404 4.943483 4.912276 4.877964 4.840766 4.80094 4.758776 4.714597 4.668751 4.621607 4.573548 4.524968 4.476263 4.427822 4.380026 4.333238 4.287794 4.244001 4.202132 4.162417 4.125043 4.090151 4.057831 4.028129 4.001041 3.97652 3.954478 3.934793 3.917316 3.901876 3.88829 3.876376 3.865954 3.856865 3.848974 3.842179 3.836423 3.831694 3.828036 3.825543 3.82437 3.824722 3.826854 3.831065 3.837689 3.847084 3.859622 3.875674 3.895598 3.919726 3.948345 3.981694 4.019941 4.063184 4.111434 4.164614 4.222558 4.285007 4.351614 4.421946 4.495496 4.571692 4.649906 4.729467 4.809681 4.889839 4.969234 5.047177 5.123006 5.196104 5.265904 5.331903 5.393663 
4.699804 4.723739 4.747921 4.772247 4.796596 4.820833 4.844809 4.868359 4.891304 4.913453 4.9346 4.954533 4.973027 4.989856 5.004787 5.017591 5.02804 5.035914 5.041005 5.04312 5.042086 5.037753 5.029996 5.018724 5.003879 4.985437 4.963418 4.937876 4.908912 4.876666 4.841321 4.803098 4.762256 4.71909 4.673926 4.627116 4.579031 4.530063 4.480609 4.431071 4.381847 4.333325 4.285873 4.23984 4.195539 4.153251 4.113217 4.075633 4.040647 4.00836 3.978826 3.952049 3.927991 3.906571 3.887674 3.871156 3.856854 3.844592 3.83419 3.825475 3.818293 3.812511 3.808036 3.80481 3.802829 3.802135 3.802831 3.805068 3.809056 3.815049 3.823344 3.834273 3.848188 3.865453 3.886431 3.911466 3.940873 3.974923 4.013829 4.057736 4.106712 4.160736 4.219699 4.283395 4.351529 4.423713 4.499475 4.578267 4.659478 4.742442 4.826454 4.910786 4.9947 5.077466 5.15837 5.23674 5.311944 5.383411 5.450638 5.513191 
4.689193 4.712422 4.735866 4.759421 4.782968 4.806371 4.829482 4.852138 4.874159 4.895357 4.915527 4.934458 4.951928 4.967711 4.981579 4.993301 5.002654 5.009419 5.013391 5.014377 5.012207 5.006732 4.997829 4.985409 4.969414 4.949822 4.926653 4.899964 4.869856 4.836471 4.799993 4.760643 4.718686 4.674417 4.628163 4.580282 4.531151 4.481163 4.430722 4.380237 4.330112 4.280743 4.232508 4.185761 4.14083 4.098002 4.057529 4.019619 3.984429 3.952073 3.922614 3.896067 3.872403 3.851552 3.833408 3.817837 3.804683 3.793778 3.78495 3.778032 3.772876 3.769356 3.767381 3.7669 3.76791 3.770459 3.774648 3.780631 3.788615 3.798852 3.811636 3.827291 3.846161 3.868599 3.894953 3.92555 3.960686 4.000607 4.045501 4.095483 4.150587 4.210758 4.275849 4.345616 4.419722 4.497737 4.57915 4.663371 4.749749 4.837581 4.926128 5.01463 5.102321 5.188447 5.272279 5.353127 5.430356 5.503388 5.571723 5.634937 
4.677137 4.699581 4.722204 4.744903 4.767557 4.790034 4.812186 4.833848 4.854846 4.87499 4.894078 4.911901 4.928239 4.942868 4.955562 4.966094 4.974242 4.979789 4.982533 4.982283 4.978871 4.972149 4.961998 4.948328 4.931083 4.910243 4.885827 4.857895 4.826548 4.791929 4.754223 4.713654 4.670485 4.625015 4.577575 4.528524 4.478243 4.427131 4.375597 4.324056 4.272919 4.22259 4.173455 4.12588 4.080201 4.036718 3.995694 3.957348 3.921852 3.88933 3.859859 3.833466 3.810135 3.789808 3.772391 3.75776 3.74577 3.736263 3.729076 3.724051 3.721046 3.719942 3.720654 3.723135 3.727385 3.733453 3.741441 3.751501 3.763838 3.778698 3.796367 3.81716 3.841409 3.86945 3.901614 3.938206 3.979497 4.025707 4.076992 4.133433 4.19503 4.261688 4.333219 4.409339 4.489667 4.573732 4.660978 4.750776 4.842435 4.935216 5.028345 5.121032 5.212487 5.301934 5.388628 5.471869 5.551015 5.62549 5.694798 5.758523 
4.663705 4.685288 4.707013 4.728775 4.750454 4.771918 4.793021 4.813599 4.833479 4.852473 4.870381 4.886997 4.902102 4.915477 4.926896 4.936135 4.942976 4.947204 4.948619 4.947034 4.942282 4.934217 4.922722 4.907708 4.889121 4.866941 4.84119 4.811927 4.779253 4.743314 4.704292 4.662416 4.617948 4.571188 4.522472 4.472159 4.420635 4.368302 4.315575 4.262876 4.210623 4.159227 4.109087 4.060575 4.01404 3.969795 3.928115 3.889232 3.853334 3.820559 3.790997 3.764691 3.74164 3.721798 3.705088 3.691397 3.680594 3.672532 3.667059 3.664026 3.663301 3.664771 3.668356 3.674016 3.681751 3.691612 3.703699 3.718162 3.735199 3.755049 3.777987 3.804314 3.834346 3.8684 3.906784 3.949778 3.997623 4.050508 4.108553 4.171805 4.240221 4.313667 4.391911 4.474625 4.561383 4.651672 4.744893 4.840375 4.937389 5.035159 5.13288 5.229733 5.324906 5.417603 5.507066 5.592587 5.673521 5.749296 5.819423 5.883501 
4.648969 4.669624 4.690379 4.711128 4.731755 4.752127 4.772098 4.791508 4.810183 4.827939 4.844578 4.859895 4.873676 4.885703 4.895753 4.903607 4.909048 4.911866 4.911861 4.90885 4.902668 4.893173 4.880247 4.863804 4.843791 4.820191 4.793023 4.762349 4.72827 4.69093 4.650516 4.607253 4.561407 4.513278 4.463203 4.411545 4.358692 4.305051 4.251042 4.197093 4.143629 4.091071 4.039826 3.990279 3.94279 3.897686 3.855255 3.815746 3.77936 3.746252 3.71653 3.690253 3.667436 3.648051 3.632035 3.619291 3.609704 3.603138 3.599454 3.598516 3.6002 3.604401 3.611046 3.620096 3.631557 3.645477 3.661954 3.681133 3.703203 3.728392 3.756963 3.789197 3.825392 3.86584 3.910824 3.960592 4.015355 4.075263 4.140401 4.210772 4.286291 4.366781 4.451965 4.541468 4.63482 4.731462 4.830754 4.931983 5.034383 5.137142 5.239426 5.340391 5.439201 5.535046 5.627157 5.714822 5.797395 5.874311 5.945092 6.009351 
4.633012 4.652675 4.672393 4.692063 4.711567 4.730773 4.749538 4.767702 4.785095 4.801532 4.816821 4.830757 4.843131 4.853726 4.862325 4.86871 4.872668 4.873991 4.872485 4.867968 4.860277 4.849272 4.83484 4.816894 4.795382 4.770288 4.741632 4.709477 4.673923 4.635116 4.593241 4.548523 4.501229 4.451662 4.400157 4.34708 4.292823 4.237798 4.182427 4.127147 4.07239 4.018585 3.966149 3.91548 3.866951 3.820901 3.777637 3.737421 3.700473 3.666965 3.637024 3.610728 3.588109 3.569158 3.553831 3.542048 3.533709 3.528695 3.52688 3.52814 3.53236 3.539446 3.54933 3.561977 3.577393 3.595626 3.616768 3.640958 3.668373 3.699229 3.733768 3.772255 3.81496 3.86215 3.914076 3.970953 4.032954 4.100191 4.172705 4.250457 4.333316 4.421057 4.513358 4.609796 4.709855 4.812932 4.918343 5.025336 5.133108 5.240815 5.347595 5.452579 5.554914 5.653776 5.74839 5.83804 5.922086 5.999969 6.071226 6.13549 
4.615919 4.634532 4.653156 4.671685 4.690002 4.707979 4.72547 4.74232 4.758359 4.773408 4.787273 4.799757 4.810649 4.819739 4.826813 4.831656 4.834057 4.833815 4.830736 4.824643 4.815374 4.802794 4.786788 4.767274 4.744201 4.717552 4.687349 4.653654 4.616568 4.576235 4.532841 4.486611 4.437812 4.386747 4.333753 4.279197 4.223474 4.166999 4.110201 4.053521 3.9974 3.942276 3.888577 3.836713 3.787069 3.740003 3.695834 3.654845 3.617272 3.58331 3.553102 3.526747 3.5043 3.485771 3.471135 3.460332 3.453279 3.449874 3.450007 3.453566 3.460448 3.470567 3.483861 3.500298 3.519885 3.542667 3.568731 3.598203 3.631249 3.668068 3.708881 3.753929 3.803454 3.857693 3.916859 3.981133 4.050646 4.125466 4.205591 4.290932 4.381313 4.476459 4.575999 4.679464 4.786292 4.895833 5.007362 5.12009 5.233176 5.345748 5.456917 5.565794 5.671509 5.773231 5.870177 5.961635 6.04697 6.125636 6.197186 6.261273 
4.59778 4.615295 4.632771 4.650105 4.667181 4.683869 4.700029 4.715506 4.730131 4.743729 4.756109 4.767076 4.776424 4.783947 4.789432 4.792669 4.793453 4.791584 4.786873 4.779144 4.768241 4.754029 4.736396 4.715261 4.690576 4.662322 4.630524 4.595242 4.556577 4.514674 4.469716 4.42193 4.371581 4.318972 4.264441 4.208359 4.151121 4.093145 4.034868 3.976734 3.919193 3.862694 3.807673 3.754555 3.703739 3.655597 3.610469 3.568653 3.530408 3.495947 3.465436 3.438998 3.416706 3.398594 3.384657 3.374859 3.369133 3.367396 3.369555 3.37551 3.385172 3.398463 3.415325 3.435732 3.459687 3.487233 3.518447 3.553446 3.592378 3.635421 3.682775 3.734651 3.791262 3.852808 3.919465 3.991371 4.068614 4.151217 4.239129 4.332211 4.430239 4.532886 4.639732 4.750261 4.863862 4.979844 5.09744 5.215824 5.334123 5.451436 5.566849 5.679458 5.78838 5.892776 5.991865 6.084936 6.171364 6.25062 6.322274 6.386004 
4.578691 4.595064 4.611347 4.627439 4.643226 4.658578 4.673357 4.687409 4.70057 4.712664 4.723506 4.732904 4.740656 4.746558 4.750403 4.751985 4.751101 4.747556 4.741164 4.731753 4.719171 4.703283 4.683981 4.661186 4.634849 4.604954 4.571525 4.534621 4.494345 4.450838 4.404285 4.354911 4.30298 4.248796 4.192698 4.135056 4.076268 4.016757 3.956963 3.897337 3.838337 3.78042 3.724037 3.669622 3.617591 3.568333 3.522204 3.479525 3.440573 3.405584 3.374748 3.348209 3.326065 3.308374 3.295154 3.286388 3.282032 3.282023 3.286281 3.294726 3.307276 3.323864 3.344439 3.368974 3.397473 3.429971 3.466536 3.50727 3.552304 3.601794 3.655911 3.714836 3.778747 3.847806 3.922148 4.001866 4.087 4.177526 4.273339 4.374254 4.47999 4.590174 4.704333 4.821903 4.942228 5.064574 5.188134 5.312048 5.435412 5.5573 5.676778 5.792927 5.904854 6.011718 6.112739 6.207214 6.294532 6.37418 6.445749 6.508943 
4.55875 4.573943 4.588996 4.603809 4.618266 4.632242 4.645598 4.658185 4.669838 4.680387 4.689651 4.697437 4.703551 4.707792 4.709957 4.709843 4.707253 4.701994 4.693886 4.68276 4.668465 4.650871 4.629872 4.605389 4.577374 4.545815 4.510732 4.472186 4.430278 4.38515 4.336985 4.286005 4.232476 4.176701 4.119018 4.059798 3.999443 3.938377 3.877046 3.815906 3.755424 3.696068 3.638296 3.58256 3.529289 3.478889 3.431737 3.388172 3.348495 3.312963 3.281792 3.255148 3.233157 3.215899 3.203415 3.195714 3.192773 3.194546 3.200975 3.211992 3.227528 3.247524 3.271935 3.300735 3.333925 3.371533 3.413615 3.460257 3.511568 3.567679 3.628733 3.694875 3.766247 3.842968 3.925128 4.012775 4.105898 4.204421 4.308188 4.41696 4.530405 4.648097 4.769514 4.894043 5.020986 5.149564 5.278936 5.408207 5.536446 5.662705 5.786033 5.905499 6.020205 6.12931 6.232038 6.327699 6.415695 6.495534 6.566832 6.629319 
4.538055 4.552039 4.565833 4.579335 4.592432 4.605 4.616902 4.62799 4.638105 4.647079 4.65473 4.660875 4.665321 4.667871 4.668326 4.66649 4.662167 4.655171 4.645323 4.63246 4.616433 4.597115 4.574402 4.548217 4.518513 4.485278 4.448534 4.40834 4.364795 4.318042 4.26826 4.215674 4.160546 4.103178 4.043909 3.983111 3.921188 3.858566 3.795695 3.733039 3.671071 3.610268 3.551103 3.494039 3.439521 3.387974 3.339791 3.295336 3.25493 3.218856 3.187352 3.160612 3.138786 3.121979 3.11026 3.103658 3.102175 3.105785 3.114447 3.128108 3.146713 3.17021 3.198559 3.231735 3.269734 3.312574 3.3603 3.412978 3.470695 3.533553 3.601663 3.675135 3.754067 3.838537 3.928587 4.024214 4.125357 4.231885 4.34359 4.460179 4.581266 4.706374 4.834932 4.96628 5.099675 5.234301 5.369281 5.50369 5.636574 5.766963 5.893894 6.016427 6.133663 6.244764 6.348962 6.445581 6.534043 6.613875 6.684721 6.746339 
4.516708 4.529461 4.541972 4.55414 4.565855 4.576993 4.587418 4.596986 4.60554 4.612915 4.618935 4.623418 4.626177 4.627017 4.625747 4.622172 4.616104 4.607357 4.59576 4.581151 4.563385 4.542338 4.517909 4.490022 4.458632 4.423725 4.385324 4.343489 4.298318 4.249951 4.198566 4.144387 4.087675 4.02873 3.967892 3.905533 3.842057 3.777895 3.713501 3.649343 3.585905 3.52367 3.463125 3.404745 3.348993 3.296309 3.247109 3.201775 3.160653 3.124051 3.092231 3.065414 3.043775 3.027448 3.016523 3.011058 3.011074 3.016568 3.027516 3.043883 3.065623 3.092693 3.125057 3.162689 3.20558 3.253739 3.307194 3.36599 3.430192 3.499869 3.575098 3.65595 3.742481 3.834721 3.932665 4.036256 4.14538 4.259853 4.379413 4.503709 4.632305 4.764673 4.900192 5.038157 5.177785 5.318223 5.45856 5.597845 5.735102 5.869346 5.999604 6.124931 6.24443 6.357268 6.462691 6.560038 6.64875 6.728382 6.798603 6.859204 
4.494811 4.506317 4.517529 4.52835 4.538667 4.54836 4.557295 4.565331 4.572312 4.578077 4.582456 4.585268 4.58633 4.585456 4.582455 4.577138 4.569322 4.558825 4.545481 4.52913 4.509633 4.486866 4.460732 4.431156 4.398094 4.361534 4.321498 4.278045 4.231271 4.181316 4.128358 4.072616 4.01435 3.953862 3.891488 3.827602 3.762609 3.696943 3.63106 3.565436 3.500561 3.436929 3.375036 3.315373 3.258418 3.204629 3.154441 3.108258 3.06645 3.029349 2.997243 2.970379 2.948959 2.933143 2.923048 2.918754 2.920309 2.927728 2.941007 2.960124 2.985046 3.015739 3.052167 3.094305 3.142135 3.195657 3.25488 3.319829 3.39054 3.467051 3.549403 3.637624 3.731727 3.831692 3.937464 4.048934 4.165932 4.288219 4.415478 4.547306 4.683212 4.822618 4.964858 5.109183 5.25477 5.400732 5.546129 5.689987 5.831311 5.969105 6.102387 6.230214 6.351693 6.465999 6.572394 6.670237 6.75899 6.838235 6.907671 6.96712 
4.472464 4.482715 4.492622 4.502087 4.511001 4.519243 4.526683 4.533182 4.538588 4.542743 4.545479 4.546622 4.545992 4.543407 4.538682 4.531632 4.522079 4.509845 4.494768 4.476693 4.455483 4.431019 4.403204 4.371966 4.337263 4.299082 4.257445 4.212411 4.164075 4.112575 4.058087 4.000828 3.941058 3.879076 3.815218 3.749858 3.683401 3.616284 3.548968 3.481933 3.415675 3.350699 3.287512 3.226619 3.168511 3.113666 3.062538 3.015554 2.973105 2.935549 2.903199 2.876329 2.855167 2.8399 2.830672 2.827587 2.830714 2.840091 2.855732 2.877629 2.905761 2.940099 2.980612 3.027269 3.080049 3.138934 3.203918 3.275002 3.352192 3.435495 3.52491 3.620425 3.722006 3.829583 3.943049 4.062241 4.186935 4.316836 4.451572 4.590687 4.73364 4.879802 5.028463 5.178834 5.330054 5.481206 5.631325 5.779415 5.924467 6.065476 6.20146 6.331475 6.454637 6.570136 6.677249 6.775357 6.863948 6.942631 7.011136 7.069314 
4.449767 4.458761 4.467362 4.475473 4.482984 4.489779 4.495728 4.500696 4.504534 4.507086 4.508191 4.507676 4.505368 4.501088 4.494657 4.485894 4.474625 4.46068 4.443897 4.424128 4.401237 4.375111 4.345653 4.312795 4.276493 4.236738 4.193549 4.146986 4.097143 4.044155 3.988197 3.929485 3.868276 3.804867 3.739594 3.672829 3.604981 3.536487 3.467811 3.399439 3.331873 3.265627 3.20122 3.139167 3.079978 3.024146 2.972145 2.924422 2.881394 2.84344 2.8109 2.784075 2.763219 2.748544 2.740221 2.738378 2.743107 2.754467 2.772487 2.797176 2.828522 2.866503 2.911088 2.962245 3.019941 3.084147 3.154837 3.231986 3.31557 3.40556 3.501919 3.604588 3.713485 3.828493 3.94945 4.076138 4.208281 4.345528 4.487451 4.633544 4.783216 4.935793 5.09052 5.24657 5.40305 5.559015 5.713477 5.865424 6.013836 6.157705 6.296047 6.427925 6.552467 6.668879 6.776457 6.874605 6.96284 7.040797 7.108239 7.16505 
4.426818 4.434561 4.441863 4.448626 4.454744 4.460102 4.464573 4.468024 4.470309 4.471278 4.470769 4.46862 4.464658 4.458709 4.4506 4.440156 4.427206 4.411584 4.393136 4.371713 4.347188 4.319447 4.288397 4.253971 4.216129 4.174858 4.130182 4.082156 4.030875 3.976472 3.91912 3.859033 3.796466 3.731714 3.665113 3.597034 3.527885 3.458106 3.388163 3.318547 3.249767 3.182345 3.116809 3.053689 2.993507 2.936775 2.883985 2.835604 2.792072 2.753791 2.721128 2.694408 2.673911 2.659875 2.652496 2.651926 2.658279 2.671634 2.692038 2.719511 2.754053 2.795646 2.844261 2.899859 2.962401 3.03184 3.108129 3.191219 3.281055 3.377572 3.48069 3.590308 3.706296 3.828486 3.956662 4.090556 4.229833 4.37409 4.522848 4.67555 4.831555 4.990147 5.150532 5.311847 5.473171 5.633532 5.791924 5.947324 6.098705 6.245056 6.385398 6.518806 6.644419 6.761463 6.869256 6.967227 7.054922 7.132006 7.198271 7.253636 
4.403713 4.410216 4.416231 4.421662 4.426404 4.430343 4.433357 4.435312 4.43607 4.435481 4.43339 4.429636 4.424054 4.416473 4.406726 4.394642 4.380055 4.362805 4.342741 4.319719 4.293615 4.264318 4.23174 4.195814 4.156499 4.113788 4.067699 4.018291 3.965657 3.909926 3.851271 3.789903 3.726076 3.660082 3.592256 3.522968 3.452627 3.381672 3.310574 3.239827 3.169945 3.10146 3.034907 2.970829 2.909763 2.852235 2.798756 2.749813 2.705867 2.667343 2.634633 2.608085 2.588006 2.574659 2.568262 2.568993 2.576985 2.592338 2.615113 2.645344 2.68304 2.728186 2.780754 2.840701 2.907973 2.982512 3.064247 3.153103 3.248993 3.351815 3.46145 3.577751 3.700539 3.829597 3.964658 4.105398 4.251431 4.402303 4.557482 4.716362 4.878262 5.04242 5.208007 5.37413 5.53984 5.704145 5.866027 6.024451 6.178388 6.326829 6.468805 6.603401 6.729776 6.847173 6.954938 7.052526 7.13951 7.215588 7.280583 7.334445 
4.380544 4.385825 4.390573 4.394692 4.398081 4.400628 4.402211 4.402702 4.401964 4.399853 4.396217 4.3909 4.38374 4.374574 4.363237 4.349565 4.333396 4.314576 4.292956 4.268401 4.240786 4.210005 4.175972 4.138623 4.097919 4.053852 4.006442 3.955745 3.901854 3.844897 3.785044 3.722505 3.657529 3.59041 3.521478 3.451104 3.379695 3.307693 3.235569 3.163821 3.092969 3.02355 2.95611 2.891203 2.829376 2.771173 2.71712 2.667725 2.623468 2.584796 2.552124 2.525824 2.506227 2.493619 2.488243 2.490296 2.499935 2.517275 2.542393 2.575336 2.616119 2.664732 2.721145 2.785309 2.85716 2.93662 3.0236 3.117995 3.219688 3.328539 3.444388 3.567045 3.696284 3.831836 3.973384 4.120553 4.272905 4.429936 4.591066 4.755646 4.922948 5.092176 5.262469 5.432904 5.602509 5.770279 5.935183 6.096181 6.252247 6.402377 6.545612 6.681054 6.807881 6.925361 7.032863 7.129872 7.215991 7.290947 7.354597 7.406919 
4.3574 4.361482 4.364987 4.367823 4.369888 4.371074 4.371262 4.370326 4.368133 4.364542 4.359407 4.352575 4.343891 4.333194 4.320325 4.305126 4.28744 4.267117 4.244014 4.217998 4.18895 4.156767 4.121365 4.082683 4.040683 3.995357 3.946727 3.894847 3.839809 3.78174 3.720808 3.657219 3.591223 3.523109 3.453207 3.381884 3.309549 3.236643 3.163638 3.091036 3.019361 2.949156 2.880976 2.815382 2.752935 2.694193 2.639697 2.589972 2.545518 2.506804 2.474264 2.448292 2.429244 2.417427 2.413107 2.416501 2.427784 2.447088 2.474507 2.510095 2.553875 2.60584 2.665958 2.734173 2.810409 2.894571 2.986548 3.086209 3.193402 3.307953 3.42966 3.55829 3.693571 3.835186 3.982768 4.135892 4.294073 4.456757 4.62332 4.793069 4.965241 5.139004 5.313468 5.487686 5.66067 5.8314 5.998839 6.161949 6.319705 6.471114 6.615232 6.751179 6.878155 6.995452 7.102469 7.198719 7.283833 7.357571 7.419818 7.470585 
4.334366 4.337276 4.339569 4.341154 4.341932 4.341796 4.34063 4.338311 4.33471 4.32969 4.323109 4.314819 4.304668 4.292503 4.278169 4.261513 4.242383 4.220633 4.196126 4.168733 4.13834 4.104846 4.068171 4.028255 3.985063 3.938586 3.888848 3.835902 3.779839 3.720784 3.658904 3.594402 3.527525 3.45856 3.387835 3.315717 3.242611 3.168959 3.095234 3.021941 2.949605 2.878777 2.810016 2.743894 2.680982 2.62185 2.567054 2.517134 2.472608 2.433964 2.401655 2.376099 2.357669 2.346695 2.343462 2.348207 2.361124 2.382359 2.412017 2.450165 2.496829 2.552005 2.615658 2.687724 2.768116 2.856721 2.953405 3.058011 3.170354 3.290226 3.417385 3.551555 3.69242 3.839615 3.992727 4.151284 4.314753 4.482537 4.653971 4.828322 5.004792 5.182521 5.360591 5.538039 5.713861 5.88703 6.056505 6.221252 6.380254 6.532532 6.677158 6.813273 6.940103 7.056964 7.163285 7.258608 7.342595 7.415036 7.475845 7.525062 
4.311521 4.313292 4.314409 4.314782 4.314313 4.312898 4.310425 4.306774 4.301818 4.295426 4.287458 4.277773 4.266223 4.25266 4.236934 4.218897 4.198403 4.175312 4.149489 4.120812 4.08917 4.054465 4.016621 3.97558 3.931308 3.883799 3.833075 3.77919 3.722233 3.66233 3.599642 3.534374 3.466768 3.397109 3.325722 3.252972 3.179264 3.105037 3.030767 2.956957 2.884137 2.81286 2.743693 2.677214 2.614004 2.554643 2.499699 2.449729 2.405264 2.36681 2.33484 2.309787 2.292046 2.281965 2.279849 2.285951 2.30048 2.323598 2.355422 2.396023 2.445436 2.503657 2.570647 2.646334 2.730618 2.823369 2.924432 3.033621 3.150723 3.275493 3.407652 3.546883 3.692826 3.845074 4.003168 4.166591 4.334769 4.507063 4.682768 4.861119 5.041287 5.222384 5.403475 5.583579 5.761683 5.936756 6.10776 6.273666 6.43347 6.586207 6.730972 6.866928 6.993324 7.109509 7.214939 7.309184 7.391939 7.463021 7.522374 7.570063 
4.28894 4.289609 4.28959 4.288793 4.287124 4.28448 4.280751 4.275823 4.269572 4.261869 4.252581 4.24157 4.228693 4.213809 4.196771 4.177438 4.155668 4.131326 4.104283 4.074421 4.041632 4.005825 3.966923 3.924873 3.879643 3.831227 3.779648 3.72496 3.66725 3.606644 3.543301 3.477422 3.409248 3.339061 3.267184 3.193979 3.119847 3.045229 2.970598 2.896458 2.823342 2.751803 2.682415 2.615761 2.55243 2.49301 2.438082 2.388212 2.343948 2.305811 2.274287 2.24983 2.232848 2.22371 2.222733 2.23019 2.246303 2.271245 2.305143 2.348077 2.400084 2.461159 2.531261 2.61031 2.698191 2.79476 2.899837 3.013212 3.134642 3.263849 3.400517 3.54429 3.694769 3.851503 4.013994 4.181683 4.353956 4.530137 4.709487 4.89121 5.074451 5.258302 5.44181 5.623983 5.803804 5.980243 6.152265 6.318852 6.479016 6.631811 6.776352 6.91183 7.037522 7.152804 7.257161 7.350195 7.431629 7.501308 7.559205 7.605407 
4.266694 4.266302 4.26519 4.26327 4.26045 4.25663 4.251704 4.245558 4.238075 4.229129 4.218591 4.206328 4.192204 4.17608 4.157816 4.137276 4.114323 4.088828 4.060666 4.029724 3.995899 3.959102 3.919262 3.876326 3.830266 3.781075 3.728779 3.673431 3.615117 3.553961 3.490122 3.423798 3.355226 3.284686 3.212498 3.139021 3.064655 2.989837 2.915039 2.840766 2.767549 2.695946 2.626531 2.559892 2.496624 2.437323 2.382579 2.332968 2.28905 2.251358 2.220393 2.196622 2.180471 2.17232 2.172503 2.181306 2.198963 2.225658 2.261527 2.306655 2.361081 2.424802 2.497769 2.579895 2.671053 2.77108 2.879778 2.99691 3.122206 3.255356 3.396009 3.543774 3.698213 3.858838 4.02511 4.196436 4.372164 4.551586 4.733933 4.918383 5.104058 5.290034 5.475347 5.658998 5.839969 6.017232 6.189765 6.356562 6.516652 6.669112 6.813081 6.947777 7.072505 7.186672 7.289793 7.381497 7.461538 7.529788 7.586243 7.631014 
4.244846 4.243437 4.241279 4.238287 4.23437 4.229432 4.223368 4.21607 4.207422 4.197304 4.185592 4.172157 4.156867 4.139589 4.120189 4.098536 4.074499 4.047952 4.018778 3.986867 3.952121 3.914454 3.873798 3.830106 3.783347 3.733521 3.680651 3.624791 3.566028 3.504483 3.440312 3.373713 3.30492 3.234209 3.161896 3.088339 3.013934 2.939115 2.864352 2.790147 2.717034 2.645568 2.576326 2.509898 2.446885 2.387886 2.333499 2.284309 2.240884 2.203768 2.173475 2.150481 2.135227 2.128106 2.129463 2.139596 2.15875 2.187117 2.22484 2.272009 2.328666 2.394803 2.470368 2.555265 2.649356 2.75246 2.86436 2.984795 3.113469 3.250041 3.39413 3.545311 3.70311 3.867006 4.036425 4.210738 4.389265 4.571266 4.755949 4.942469 5.129932 5.317401 5.503904 5.688442 5.869998 6.047553 6.220097 6.386641 6.546235 6.69798 6.841043 6.974669 7.098191 7.211048 7.312784 7.403058 7.48165 7.548458 7.6035 7.646909 
4.223456 4.221077 4.217923 4.213912 4.208955 4.202958 4.195821 4.187437 4.177696 4.166481 4.153674 4.139148 4.122778 4.104437 4.083996 4.061328 4.036308 4.008816 3.97874 3.945974 3.910424 3.872011 3.830668 3.78635 3.739033 3.688713 3.635417 3.579198 3.520144 3.458373 3.394041 3.327342 3.258508 3.187812 3.115566 3.042125 2.96788 2.893263 2.81874 2.744812 2.67201 2.600888 2.532023 2.466007 2.403442 2.344931 2.291077 2.242471 2.199687 2.163279 2.133767 2.111641 2.097349 2.091295 2.093835 2.105276 2.12587 2.155818 2.195268 2.244313 2.302995 2.371305 2.449186 2.536532 2.633193 2.738973 2.853637 2.976902 3.108445 3.247901 3.394859 3.548862 3.709406 3.875937 4.047852 4.224493 4.405151 4.589064 4.775417 4.963349 5.151954 5.340286 5.52737 5.712209 5.893795 6.071119 6.243187 6.409031 6.567723 6.718391 6.860229 6.992512 7.114605 7.225975 7.326194 7.414952 7.492054 7.557421 7.611092 7.653219 
4.202576 4.199276 4.19518 4.190206 4.184268 4.177275 4.169131 4.159732 4.148971 4.136737 4.122915 4.107384 4.090024 4.070713 4.049326 4.025743 3.999846 3.971518 3.940652 3.907148 3.870917 3.831882 3.789983 3.745176 3.697438 3.64677 3.593197 3.536776 3.477591 3.415761 3.35144 3.28482 3.216128 3.145635 3.07365 3.000522 2.92664 2.85243 2.778356 2.704914 2.632632 2.562063 2.493781 2.428377 2.366455 2.308619 2.255473 2.207613 2.165618 2.130046 2.101426 2.080253 2.066984 2.06203 2.065756 2.078474 2.100446 2.131876 2.172916 2.223661 2.284153 2.354381 2.434281 2.52374 2.622595 2.730639 2.847614 2.973222 3.107115 3.248904 3.39815 3.554372 3.717035 3.885561 4.059317 4.237622 4.419744 4.604899 4.79226 4.980951 5.170057 5.358632 5.5457 5.73027 5.911345 6.087932 6.259055 6.423769 6.581172 6.730419 6.870734 7.001421 7.121878 7.231599 7.330188 7.417359 7.492942 7.556881 7.609233 7.650167 
4.182256 4.178086 4.1731 4.167221 4.160364 4.152441 4.143357 4.133014 4.12131 4.108136 4.093382 4.076933 4.058674 4.038487 4.016254 3.991859 3.96519 3.936136 3.904595 3.870472 3.833683 3.794155 3.75183 3.70667 3.658653 3.607783 3.554086 3.497618 3.438465 3.376744 3.312607 3.246242 3.177877 3.107776 3.036246 2.963629 2.890312 2.816715 2.743296 2.670549 2.598996 2.529186 2.461692 2.397101 2.336015 2.279037 2.226773 2.179819 2.138757 2.104147 2.076524 2.056386 2.044196 2.04037 2.045278 2.059239 2.082517 2.115322 2.157807 2.210069 2.272148 2.344029 2.425644 2.516871 2.617537 2.727421 2.846249 2.973705 3.109422 3.252987 3.40394 3.561773 3.725931 3.895809 4.070755 4.250064 4.432988 4.618728 4.806444 4.995252 5.184236 5.372447 5.558918 5.742667 5.92271 6.098074 6.267805 6.430981 6.586729 6.734233 6.872748 7.001608 7.120241 7.228171 7.325029 7.410557 7.484605 7.54714 7.598233 7.638066 
4.162536 4.157549 4.151731 4.145005 4.13729 4.128502 4.118549 4.107337 4.094766 4.080733 4.065132 4.047853 4.028787 4.007819 3.984839 3.959737 3.932403 3.902734 3.870633 3.83601 3.798786 3.758891 3.716274 3.670896 3.622742 3.571815 3.518145 3.461787 3.402827 3.341381 3.277599 3.211668 3.143811 3.07429 3.003405 2.931497 2.858944 2.786162 2.713605 2.641758 2.57114 2.502294 2.435787 2.372205 2.312143 2.256205 2.204991 2.159099 2.119108 2.085582 2.059055 2.040029 2.028967 2.026291 2.032372 2.047534 2.072042 2.10611 2.149889 2.203478 2.266915 2.340181 2.423201 2.515848 2.617937 2.729235 2.849456 2.978265 3.115279 3.260066 3.412145 3.570989 3.736022 3.90662 4.082112 4.261779 4.444857 4.630538 4.817973 5.006277 5.194533 5.381799 5.567115 5.749515 5.928031 6.101712 6.269627 6.430882 6.584634 6.730097 6.866555 6.993376 7.110016 7.21603 7.311074 7.394914 7.467424 7.528584 7.578485 7.617315 
4.143455 4.137703 4.131109 4.123597 4.115089 4.105503 4.094751 4.082743 4.069383 4.054572 4.038209 4.020189 4.000407 3.978755 3.955128 3.92942 3.901529 3.871356 3.83881 3.803806 3.766269 3.726135 3.683355 3.637896 3.589744 3.538906 3.485411 3.429316 3.370707 3.3097 3.246442 3.181119 3.113949 3.045191 2.97514 2.904132 2.832538 2.76077 2.689273 2.618527 2.549044 2.48136 2.416036 2.353652 2.294798 2.240071 2.190071 2.145388 2.106603 2.074274 2.048937 2.031091 2.021203 2.019692 2.026933 2.043248 2.068905 2.104117 2.149037 2.20376 2.268322 2.342701 2.426817 2.520534 2.62366 2.735949 2.857105 2.986778 3.124569 3.270031 3.422667 3.581932 3.747234 3.917935 4.093348 4.272744 4.455348 4.640349 4.826893 5.014096 5.201047 5.386812 5.570445 5.750995 5.927517 6.099082 6.264786 6.423766 6.575206 6.718353 6.852523 6.977114 7.091612 7.1956 7.288761 7.370882 7.441856 7.501681 7.550458 7.588384 
4.125042 4.118582 4.111268 4.10303 4.093793 4.083476 4.071996 4.059267 4.045195 4.029687 4.012647 3.993973 3.973567 3.951327 3.927151 3.900941 3.872599 3.842032 3.809154 3.773885 3.736156 3.695908 3.653094 3.607687 3.559674 3.509064 3.455891 3.40021 3.342107 3.281698 3.219129 3.154582 3.088273 3.020456 2.951421 2.881497 2.811051 2.740487 2.670243 2.600792 2.532635 2.466304 2.40235 2.341345 2.283872 2.230523 2.181889 2.138557 2.101101 2.070077 2.046014 2.029413 2.020735 2.020399 2.028779 2.046195 2.072916 2.109152 2.155055 2.210717 2.276173 2.351396 2.436299 2.530741 2.634522 2.747388 2.869029 2.999087 3.137148 3.282754 3.435392 3.594507 3.759493 3.9297 4.104433 4.282955 4.464487 4.648214 4.833285 5.018822 5.203921 5.387661 5.569113 5.747347 5.92144 6.090488 6.253619 6.409996 6.558837 6.69942 6.831093 6.953285 7.065511 7.16738 7.258601 7.338982 7.408432 7.466964 7.514688 7.551807 
4.107327 4.10021 4.092235 4.083332 4.073428 4.062448 4.050311 4.036933 4.022227 4.006103 3.988469 3.96923 3.948291 3.925556 3.900929 3.874317 3.845628 3.814775 3.781676 3.746258 3.708455 3.668213 3.625491 3.580264 3.532523 3.48228 3.429568 3.374447 3.317 3.257343 3.195621 3.132012 3.06673 3.000024 2.932179 2.863518 2.7944 2.725222 2.656413 2.588439 2.521792 2.456993 2.394585 2.33513 2.279203 2.227386 2.180263 2.138412 2.1024 2.072777 2.050066 2.034763 2.027325 2.028168 2.037661 2.056123 2.083818 2.120956 2.167684 2.224094 2.290214 2.366014 2.451404 2.546234 2.650299 2.763336 2.885029 3.015007 3.15285 3.298086 3.450196 3.608612 3.772722 3.941868 4.115349 4.292425 4.472317 4.654212 4.837264 5.020603 5.203339 5.384568 5.563379 5.738864 5.910128 6.076293 6.236517 6.389996 6.535979 6.673777 6.802768 6.922413 7.032255 7.131929 7.221167 7.299794 7.367739 7.425023 7.471765 7.508172 
4.090329 4.082611 4.07403 4.064522 4.054017 4.042439 4.029714 4.01576 4.000496 3.983836 3.965691 3.945972 3.924589 3.901452 3.876469 3.849554 3.820619 3.789584 3.756372 3.720915 3.683153 3.643036 3.600527 3.555605 3.508264 3.458519 3.406404 3.35198 3.295333 3.236574 3.175849 3.113334 3.049237 2.983803 2.917312 2.85008 2.78246 2.714839 2.647638 2.581312 2.516345 2.453246 2.392549 2.334803 2.280573 2.230431 2.184951 2.144699 2.110236 2.082101 2.06081 2.046852 2.040677 2.042695 2.05327 2.072717 2.101297 2.139213 2.18661 2.243577 2.310137 2.386256 2.471839 2.566732 2.670724 2.783545 2.904871 3.034328 3.171485 3.315865 3.466941 3.624141 3.786846 3.954395 4.126087 4.301181 4.478903 4.658443 4.838968 5.01962 5.199523 5.377792 5.553541 5.725884 5.893955 6.056906 6.213925 6.364243 6.507138 6.641955 6.768105 6.885076 6.99244 7.089856 7.177076 7.253947 7.320408 7.376491 7.42232 7.458104 
4.074066 4.0658 4.056671 4.046618 4.035571 4.023462 4.010218 3.99576 3.980013 3.962893 3.944318 3.924203 3.902463 3.879012 3.853767 3.826643 3.797562 3.766446 3.733226 3.697837 3.660226 3.620346 3.578166 3.533667 3.486849 3.437726 3.386338 3.332743 3.277029 3.219308 3.159722 3.098444 3.03568 2.971669 2.906686 2.841039 2.775074 2.709168 2.643734 2.579216 2.516085 2.454841 2.396004 2.340112 2.287719 2.239381 2.195662 2.157117 2.124294 2.097723 2.07791 2.065334 2.060436 2.06362 2.075242 2.095612 2.124983 2.163555 2.211469 2.268807 2.33559 2.411779 2.497276 2.591921 2.695498 2.807733 2.9283 3.056815 3.192847 3.335913 3.485482 3.64098 3.801787 3.967242 4.136646 4.309263 4.484324 4.661033 4.838565 5.01608 5.192722 5.367626 5.539931 5.708779 5.873332 6.032774 6.186327 6.33325 6.472858 6.604527 6.727698 6.841888 6.946697 7.041806 7.126987 7.202104 7.267106 7.322035 7.367017 7.40226 
4.058551 4.049789 4.040168 4.029627 4.018102 4.005525 3.991827 3.976937 3.960778 3.943274 3.924347 3.903917 3.881904 3.858227 3.832808 3.805569 3.776435 3.745336 3.712207 3.676989 3.639632 3.600098 3.558356 3.514394 3.468212 3.41983 3.369288 3.316647 3.261993 3.205438 3.147122 3.087216 3.025921 2.963473 2.900138 2.83622 2.772053 2.708008 2.644485 2.581918 2.520766 2.461516 2.404675 2.350768 2.300333 2.253915 2.212061 2.175317 2.144214 2.119272 2.100983 2.089816 2.086203 2.090537 2.103167 2.124393 2.154464 2.193572 2.241853 2.299384 2.366183 2.442205 2.527349 2.621451 2.724293 2.835598 2.955034 3.082219 3.216716 3.358042 3.505667 3.659015 3.817469 3.980373 4.147032 4.316719 4.488675 4.662117 4.836236 5.010211 5.183208 5.354385 5.522907 5.687948 5.848698 6.004375 6.154231 6.297561 6.433712 6.56209 6.682169 6.793492 6.895684 6.98845 7.071579 7.144948 7.20852 7.26234 7.306537 7.341315 
4.043792 4.034586 4.024527 4.013556 4.001611 3.988629 3.974544 3.959287 3.942788 3.924974 3.905771 3.885103 3.862898 3.839078 3.81357 3.786303 3.757207 3.726217 3.693273 3.658323 3.621321 3.582232 3.541033 3.497712 3.452275 3.404744 3.35516 3.303586 3.250108 3.194837 3.137912 3.079501 3.0198 2.95904 2.897482 2.835421 2.773182 2.711127 2.649646 2.589158 2.530112 2.472979 2.418253 2.366444 2.318075 2.273676 2.233779 2.198914 2.169598 2.146335 2.129608 2.119869 2.11754 2.123002 2.136596 2.158611 2.18929 2.228816 2.277321 2.334876 2.401493 2.477125 2.561666 2.654953 2.756761 2.866814 2.984779 3.110272 3.242858 3.382056 3.527335 3.678125 3.833815 3.993753 4.157255 4.323605 4.492058 4.661845 4.832178 5.002256 5.171268 5.338401 5.502847 5.663809 5.82051 5.972201 6.118167 6.257737 6.390289 6.515261 6.632155 6.740543 6.840074 6.930471 7.011542 7.083177 7.145346 7.198101 7.241568 7.275949 
4.029794 4.020195 4.00975 3.998404 3.986098 3.972771 3.958362 3.942804 3.926032 3.907977 3.888571 3.867741 3.84542 3.821536 3.796022 3.76881 3.739837 3.709044 3.676375 3.641783 3.605228 3.566679 3.526118 3.483536 3.438944 3.392364 3.343841 3.293439 3.241242 3.187364 3.131939 3.075132 3.017138 2.958179 2.898511 2.83842 2.778225 2.718274 2.658946 2.60065 2.543818 2.488909 2.436401 2.386787 2.340576 2.298279 2.260414 2.227492 2.200016 2.178473 2.163332 2.15503 2.153976 2.160541 2.17505 2.197787 2.228982 2.268814 2.317406 2.374823 2.441074 2.516109 2.599817 2.692034 2.792535 2.901042 3.017225 3.140699 3.271034 3.40775 3.550324 3.69819 3.850746 4.00735 4.167329 4.329982 4.49458 4.660372 4.826593 4.992464 5.157199 5.320015 5.480133 5.636788 5.789235 5.936757 6.078673 6.214345 6.343184 6.464659 6.578299 6.683702 6.780538 6.868553 6.947568 7.017485 7.07828 7.130008 7.172796 7.206838 
4.016558 4.006615 3.995836 3.984169 3.971557 3.957943 3.94327 3.927474 3.910494 3.892266 3.872725 3.851805 3.829442 3.805569 3.780125 3.753047 3.724277 3.693762 3.661451 3.627302 3.591281 3.55336 3.513525 3.471772 3.428115 3.382578 3.335209 3.286072 3.235253 3.182862 3.129034 3.073929 3.017739 2.96068 2.903001 2.84498 2.786926 2.729176 2.672099 2.616088 2.561564 2.508968 2.458762 2.411424 2.367444 2.327317 2.291543 2.260614 2.235017 2.215222 2.20168 2.194816 2.195022 2.202655 2.218031 2.241419 2.273043 2.313071 2.36162 2.418751 2.484465 2.55871 2.641375 2.732291 2.831237 2.937934 3.052054 3.173218 3.300997 3.434919 3.574467 3.719087 3.868184 4.021131 4.177269 4.335913 4.496352 4.657858 4.819687 4.981088 5.141301 5.299572 5.455153 5.607312 5.755336 5.898542 6.036283 6.167952 6.292992 6.4109 6.521235 6.623619 6.717742 6.80337 6.880337 6.948554 7.008004 7.058743 7.100894 7.134646 
4.004083 3.993843 3.982779 3.970841 3.957978 3.944134 3.929253 3.91328 3.896154 3.877816 3.858207 3.837263 3.814926 3.791136 3.765834 3.738964 3.710472 3.680311 3.648436 3.614808 3.579398 3.542185 3.503157 3.462315 3.419674 3.375263 3.329131 3.281342 3.231984 3.181164 3.129017 3.075699 3.021397 2.966322 2.910715 2.854847 2.799016 2.74355 2.688802 2.635155 2.583012 2.5328 2.484965 2.439965 2.398274 2.360368 2.326727 2.297826 2.274134 2.256102 2.244164 2.238727 2.24017 2.248835 2.265024 2.288996 2.320962 2.361084 2.409469 2.466173 2.531195 2.604477 2.685907 2.775317 2.872485 2.977137 3.088947 3.207541 3.332498 3.463352 3.599599 3.740692 3.886052 4.035065 4.18709 4.341459 4.497484 4.65446 4.811667 4.968379 5.123869 5.277411 5.428289 5.575802 5.719273 5.858051 5.99152 6.119108 6.240288 6.354585 6.461583 6.560929 6.652335 6.735579 6.81051 6.877048 6.93518 6.984962 7.026513 7.060014 
3.992362 3.981871 3.97057 3.958412 3.945347 3.931326 3.916294 3.900199 3.882987 3.8646 3.844983 3.82408 3.801834 3.778192 3.753099 3.726505 3.698361 3.668624 3.637254 3.60422 3.569494 3.53306 3.494911 3.455052 3.4135 3.370288 3.325465 3.279097 3.231272 3.182096 3.1317 3.08024 3.027896 2.974874 2.921409 2.867761 2.81422 2.7611 2.708745 2.657521 2.607816 2.560043 2.514627 2.472013 2.432651 2.397 2.36552 2.338669 2.316893 2.300627 2.290285 2.286259 2.28891 2.298564 2.315512 2.339998 2.372224 2.412341 2.460451 2.516603 2.580789 2.652952 2.732978 2.820699 2.915895 3.018296 3.127581 3.243383 3.365289 3.492843 3.625551 3.762882 3.90427 4.049118 4.196804 4.346682 4.498084 4.650331 4.80273 4.954584 5.105192 5.253862 5.39991 5.542667 5.681489 5.815759 5.944893 6.068349 6.185631 6.296291 6.39994 6.496244 6.584935 6.665807 6.73872 6.803602 6.860441 6.909294 6.950275 6.983556 
3.981389 3.97069 3.959197 3.946866 3.933649 3.919501 3.90437 3.888208 3.870963 3.852583 3.833018 3.812214 3.79012 3.766687 3.741866 3.715611 3.687878 3.658629 3.62783 3.595452 3.561474 3.525884 3.488679 3.449867 3.409468 3.367517 3.324066 3.27918 3.232948 3.185475 3.13689 3.087345 3.037015 2.986102 2.934831 2.883455 2.832253 2.781529 2.731611 2.682853 2.635627 2.590328 2.547366 2.507164 2.470155 2.436779 2.407474 2.382678 2.362818 2.348309 2.339548 2.336907 2.34073 2.351328 2.368977 2.39391 2.426317 2.466339 2.514071 2.569554 2.63278 2.703686 2.782159 2.868032 2.961089 3.061064 3.167641 3.280463 3.399126 3.523185 3.652161 3.785535 3.922759 4.063256 4.206423 4.351636 4.498253 4.645618 4.793068 4.939933 5.085545 5.229241 5.370369 5.508296 5.642408 5.772121 5.896883 6.016182 6.12955 6.236568 6.336868 6.43014 6.51613 6.594649 6.665566 6.728813 6.784385 6.832333 6.872766 6.905849 
3.971153 3.960288 3.948646 3.936186 3.922864 3.908636 3.893456 3.877277 3.860051 3.841732 3.822272 3.801622 3.779736 3.756569 3.732077 3.706218 3.678954 3.650251 3.62008 3.588416 3.555244 3.520555 3.484349 3.446639 3.407447 3.366811 3.324782 3.28143 3.23684 3.191118 3.14439 3.096804 3.048532 2.999767 2.950729 2.901662 2.852833 2.804535 2.757084 2.710818 2.666095 2.623291 2.582798 2.545021 2.510374 2.479275 2.452143 2.429395 2.411439 2.398669 2.391462 2.390172 2.395126 2.40662 2.424913 2.450227 2.482738 2.522581 2.569841 2.624554 2.686707 2.756238 2.83303 2.916921 3.007698 3.105099 3.208819 3.318506 3.433769 3.554178 3.679265 3.80853 3.941442 4.077445 4.215955 4.356375 4.498085 4.640459 4.78286 4.924648 5.065187 5.203844 5.340001 5.473055 5.602426 5.727562 5.847941 5.963081 6.072542 6.175929 6.272897 6.363156 6.446469 6.522659 6.591604 6.653241 6.707567 6.754629 6.794532 6.827429 
3.961642 3.950649 3.9389 3.926354 3.91297 3.898708 3.883523 3.867375 3.850218 3.832008 3.812703 3.792258 3.770631 3.747782 3.72367 3.698259 3.671516 3.643411 3.613919 3.58302 3.550704 3.516964 3.481806 3.445244 3.407304 3.368026 3.327463 3.285684 3.242774 3.198839 3.154002 3.108407 3.062221 3.015632 2.968851 2.922114 2.875677 2.829822 2.784852 2.741088 2.698874 2.658568 2.620546 2.585191 2.552899 2.524067 2.499094 2.478375 2.462297 2.451236 2.445549 2.44557 2.451609 2.463947 2.482826 2.508455 2.541001 2.580587 2.627291 2.681144 2.742128 2.810181 2.885186 2.966984 3.055364 3.150074 3.250815 3.357247 3.46899 3.585628 3.706709 3.831751 3.960242 4.091646 4.225405 4.360942 4.497667 4.634979 4.77227 4.908932 5.044357 5.177946 5.309111 5.437283 5.561912 5.682476 5.798486 5.909487 6.015064 6.114847 6.208513 6.29579 6.376457 6.450347 6.517347 6.577399 6.630498 6.676692 6.716075 6.748792 
3.952841 3.941759 3.929941 3.917348 3.903944 3.889688 3.874544 3.858469 3.841425 3.82337 3.804266 3.784073 3.762752 3.740267 3.716583 3.691667 3.665491 3.638029 3.609261 3.579171 3.547753 3.515004 3.480933 3.445558 3.408907 3.371021 3.331956 3.291779 3.250578 3.208454 3.16553 3.121945 3.077862 3.033462 2.988949 2.944549 2.90051 2.857099 2.814607 2.773341 2.733628 2.695811 2.660244 2.627294 2.597336 2.570746 2.547904 2.529183 2.51495 2.505559 2.501349 2.502635 2.50971 2.522836 2.542243 2.568126 2.600639 2.639897 2.68597 2.738884 2.798619 2.865109 2.93824 3.017854 3.103749 3.195676 3.293347 3.396433 3.504568 3.61735 3.734343 3.855084 3.979082 4.105823 4.234771 4.365376 4.497074 4.629291 4.761449 4.892969 5.023274 5.151797 5.277981 5.401288 5.521199 5.637223 5.748899 5.855798 5.957531 6.053753 6.144159 6.228494 6.306551 6.378176 6.443261 6.501752 6.553644 6.59898 6.637849 6.670385 
