ORGANIZATION: 
DIGIT DATE:   
DIGIT NAME:   Gaby
MAP NAME:     
MAP DATE:     Sun Apr 06 23:20:57 2014
MAP SCALE:    1
OTHER INFO:   
ZONE:         0
MAP THRESH:   0.000000
VERTI:
B  2
 -84.19       10.34       
 -84.09       10.26       
B  2
 -84.24       10.91       
 -84.19       10.34       
B  2
 -84.24       10.91       
 -84.09       10.26       
B  2
 -84.27       10.34       
 -84.09       10.26       
B  2
 -84.27       10.34       
 -84.19       10.34       
B  2
 -84.29       10.43       
 -84.27       10.34       
B  2
 -84.29       10.43       
 -84.19       10.34       
B  2
 -84.29       10.43       
 -84.24       10.91       
B  2
 -84.37       10.75       
 -84.29       10.43       
B  2
 -84.37       10.75       
 -84.24       10.91       
B  2
 -84.42       10.19       
 -84.09       10.26       
B  2
 -84.42       10.19       
 -84.27       10.34       
B  2
 -84.42       10.19       
 -84.29       10.43       
B  2
 -84.72       10.43       
 -84.42       10.19       
B  2
 -84.72       10.43       
 -84.29       10.43       
B  2
 -84.73       10.57       
 -84.72       10.43       
B  2
 -84.73       10.57       
 -84.29       10.43       
B  2
 -84.73       10.57       
 -84.37       10.75       
B  2
 -84.73       10.57       
 -84.24       10.91       
C  1 1
 -84.18358205 10.57504614 
 1     1         
C  1 1
 -84.17722867 10.30790046 
 1     2         
C  1 1
 -84.23811675 10.61611105 
 1     3         
C  1 1
 -84.2607855  10.25615884 
 1     4         
C  1 1
 -84.2494148  10.37326336 
 1     5         
C  1 1
 -84.33934717 10.30544188 
 1     6         
C  1 1
 -84.29414425 10.6764765  
 1     7         
C  1 1
 -84.47376025 10.57879321 
 1     8         
C  1 1
 -84.47591662 10.72867652 
 1     9         
C  1 1
 -84.49031014 10.35746424 
 1     10        
C  1 1
 -84.53715521 10.47083595 
 1     11        
