ORGANIZATION: 
DIGIT DATE:   
DIGIT NAME:   Gaby
MAP NAME:     
MAP DATE:     Sun Apr 06 23:23:24 2014
MAP SCALE:    1
OTHER INFO:   
ZONE:         0
MAP THRESH:   0.000000
VERTI:
B  2
 -84.24153846 10.16153846 
 -84.23       10.1875     
B  2
 -84.23       10.39611111 
 -84.23       10.1875     
B  2
 -84.43136364 10.35136364 
 -84.24153846 10.16153846 
B  2
 -84.43136364 10.35136364 
 -84.23       10.39611111 
B  2
 -84.505      10.39125    
 -84.43136364 10.35136364 
B  2
 -84.505      10.51571429 
 -84.505      10.39125    
B  2
 -84.505      10.51571429 
 -84.49444444 10.54888889 
B  2
 -84.49444444 10.54888889 
 -84.085      10.65125    
B  2
 -84.085      10.65125    
 -84.00762857 10.64319048 
B  2
 -84.23       10.39611111 
 -84.00762857 10.64319048 
B  2
 -84.00762857 10.64319048 
 -84          10.64385965 
B  2
 -84.23       10.1875     
 -84          10.475      
B  2
 -84.72       11          
 -84.49444444 10.54888889 
B  2
 -84.51423077 11          
 -84.085      10.65125    
B  2
 -84.505      10.39125    
 -84.818      10          
B  2
 -84.505      10.51571429 
 -85          10.48035714 
B  2
 -84.24153846 10.16153846 
 -84.20727273 10          
B  2
 -84.818      10          
 -85          10          
B  2
 -84.20727273 10          
 -84.818      10          
B  2
 -84          10          
 -84.20727273 10          
B  2
 -84          10.475      
 -84          10          
B  2
 -84          10.64385965 
 -84          10.475      
B  2
 -84          11          
 -84          10.64385965 
B  2
 -84.51423077 11          
 -84          11          
B  2
 -84.72       11          
 -84.51423077 11          
B  2
 -85          11          
 -84.72       11          
B  2
 -85          10.48035714 
 -85          11          
B  2
 -85          10          
 -85          10.48035714 
C  1 1
 -84.19       10.34       
 1     1         
C  1 1
 -84.73       10.57       
 1     2         
C  1 1
 -84.42       10.19       
 1     3         
C  1 1
 -84.27       10.34       
 1     4         
C  1 1
 -84.09       10.26       
 1     5         
C  1 1
 -84.29       10.43       
 1     6         
C  1 1
 -84.37       10.75       
 1     7         
C  1 1
 -84.24       10.91       
 1     8         
C  1 1
 -84.72       10.43       
 1     9         
